1.082277458133923398e-01
7.171891890730257568e-01
7.624635293038870554e-01
7.880080418159662869e-01
8.006800869867349846e-01
8.081384877720008131e-01
8.131155209475985357e-01
8.169482545138045948e-01
8.200519325676561833e-01
8.223991326114916678e-01
8.246423616249082267e-01
8.265322931700814779e-01
8.282892417373846072e-01
8.295314946333370854e-01
8.310925025250532894e-01
8.320971138998198846e-01
8.331853603005786590e-01
8.342736568119270002e-01
8.354258727386808525e-01
8.362912928939315593e-01
8.371112319838984739e-01
8.379047474429109910e-01
8.387324507624155379e-01
8.394437555202732826e-01
8.401619858284304909e-01
8.408513614808704739e-01
8.414467566960095457e-01
8.419646331064878364e-01
8.426146804223042519e-01
8.431498612002880089e-01
8.436922666819345329e-01
8.441135435139244247e-01
8.447344456088595743e-01
8.453343560362658327e-01
8.456186956564530899e-01
8.461885049641026946e-01
8.465224549106589169e-01
8.470522266604699757e-01
8.474654499684678433e-01
8.479864550474892626e-01
8.484787122606347598e-01
8.489126091280494446e-01
8.492099120562384140e-01
8.497294402559580906e-01
8.503017749340604503e-01
8.505321382977116818e-01
8.511271378104586782e-01
8.517420065836637244e-01
8.523295542583334550e-01
8.529922359727855063e-01
8.536411135646521098e-01
8.543981926892290080e-01
8.551128920155237623e-01
8.558073016381132492e-01
8.563829798967290685e-01
8.569500061048550554e-01
8.574675743739744727e-01
8.579236491939361553e-01
8.583532171848701209e-01
8.589036832264413945e-01
8.591857101670467012e-01
8.596524527611522082e-01
8.600011706498049691e-01
8.604748449204318028e-01
8.606775033238088790e-01
8.610149403642270993e-01
8.613984574339300648e-01
8.615559495190096007e-01
8.620015758453789534e-01
8.623419891133801141e-01
8.624178296529507737e-01
8.629086841307529454e-01
8.629188300873114059e-01
8.632738312598281505e-01
8.635002213027619389e-01
8.636538269054085948e-01
8.639540512478978140e-01
8.640953985494843614e-01
8.643936291562990260e-01
8.644780021720022134e-01
8.647319574841727530e-01
8.650699625237390222e-01
8.650244089401505354e-01
8.652254385924735836e-01
8.656181460739804656e-01
8.656105113462344569e-01
8.658316077604812921e-01
8.660633558547315980e-01
8.662194141687299398e-01
8.662622573726531661e-01
8.662115194946053975e-01
8.665270356455659906e-01
8.665833318711647637e-01
8.668693422940774163e-01
8.669550481623907734e-01
8.668948834077375709e-01
8.671906055289855253e-01
8.674172040910035353e-01
8.673493895964122791e-01
8.675429795404728806e-01
8.677001383506128818e-01
8.679370998365929513e-01
8.680444025488661675e-01
8.681472595027575068e-01
8.681828204627349832e-01
8.683937856993920734e-01
8.685568849516498435e-01
8.686557831741821278e-01
8.687026713088430441e-01
8.687875971134328967e-01
8.689691590745229899e-01
8.690139564307349795e-01
8.690836245548894112e-01
8.691142052041410659e-01
8.693586329692903902e-01
8.694563419178934494e-01
8.697001418966413544e-01
8.696203673955410496e-01
8.696458403908255974e-01
8.698864000483459424e-01
8.698786990104083738e-01
8.699175397932658038e-01
8.701754206193388352e-01
8.700833335882907082e-01
8.702565673337159247e-01
8.702315406265239695e-01
8.703839747660221393e-01
8.704791034688731388e-01
8.705100779672043654e-01
8.706177159633085028e-01
8.706135167370225858e-01
8.707722914856534935e-01
8.707779384906635389e-01
8.708982339176333243e-01
8.709478916781876467e-01
8.710386263547713614e-01
8.709750132878160134e-01
8.711211700411244374e-01
8.712819429995137810e-01
8.712695816711323316e-01
8.713963415466947637e-01
8.714380440533970873e-01
8.715817210675846916e-01
8.715852844876824657e-01
8.717018017903107596e-01
8.716846445376205121e-01
8.716982683954718203e-01
8.718834201665814909e-01
8.719040071233686851e-01
8.718703802954511639e-01
8.720644080929218500e-01
8.721231164990159712e-01
8.721202180766357559e-01
8.720271751112711467e-01
8.722585933968778349e-01
8.722875381642813952e-01
8.723058237905726431e-01
8.723773869518550717e-01
8.723691187597983898e-01
8.726034551444344922e-01
8.725756977563281502e-01
8.725994360294745400e-01
8.726096087953991720e-01
8.727498477257348286e-01
8.727303610293130065e-01
8.727496610459610782e-01
8.728544330258390938e-01
8.729388308438917887e-01
8.729219733928099689e-01
8.730326747819537880e-01
8.728799366783863700e-01
8.730307193659231357e-01
8.731082987612867052e-01
8.731950137396877754e-01
8.731935624824846975e-01
8.732692037532229223e-01
8.732544517223346237e-01
8.732644994883564937e-01
8.733415588772824867e-01
8.734206469949497009e-01
8.733828781682732023e-01
8.735360557540685633e-01
8.735483071729346349e-01
8.735697749460259454e-01
8.735954165634143287e-01
8.736087946133372917e-01
8.737348114725747017e-01
8.737623908105468518e-01
8.738268907219897130e-01
8.737622068696148103e-01
8.739008460668563627e-01
8.737923371264225691e-01
8.739203274402405075e-01
8.739998348835127384e-01
8.741633817167591136e-01
8.739689377970238926e-01
8.741394976647091086e-01
8.740426578180093831e-01
8.741811627919029437e-01
8.739956888993123396e-01
8.741342066641546449e-01
8.743545399534692342e-01
8.742736031195866842e-01
8.742783079550622283e-01
8.743573640125064106e-01
8.744097831778030461e-01
8.742966776044571731e-01
8.746075959552256363e-01
8.745187526211619655e-01
8.745464695509899133e-01
8.745035653519721563e-01
8.747013940411596522e-01
8.746244248038306246e-01
8.746160469444054231e-01
8.746736177802467704e-01
8.747233925983010083e-01
8.746916847439368814e-01
8.747806118393545161e-01
8.747381266592373361e-01
8.748562782097210055e-01
8.749021004907961974e-01
8.749584255798233956e-01
8.749752625691150643e-01
8.749308778759834482e-01
8.749628116417893509e-01
8.749187267691753700e-01
8.749236014136966277e-01
8.751061921780870501e-01
8.751140207365003532e-01
8.752332240535252161e-01
8.751054578572496911e-01
8.752512722369377718e-01
8.751938711796535264e-01
8.752847462322823624e-01
8.751943840437514943e-01
8.754035652454206229e-01
8.753618553425364102e-01
8.753780343569217415e-01
8.753912223235605916e-01
8.753863789487758007e-01
8.754115252120260315e-01
8.755459239557341622e-01
8.756037554129739719e-01
8.755162124482029906e-01
8.756976388200383710e-01
8.756065620958216611e-01
8.755502567789197332e-01
8.755996341525201787e-01
8.756754491265172913e-01
8.755289118072344667e-01
8.757011699616875644e-01
8.757819532871541357e-01
8.757596235676332608e-01
8.758189096159689768e-01
8.757948939353370488e-01
8.757797033886771665e-01
8.759246987186000144e-01
8.758923814682765263e-01
8.759181876312518433e-01
8.760338509869202150e-01
8.759033061268571840e-01
8.760274254451505538e-01
8.760549177782488428e-01
8.761598092592232101e-01
8.760623178274382639e-01
8.761262754306714529e-01
8.760645075667370385e-01
8.761235199302621623e-01
8.761869718586126066e-01
8.763014976898128028e-01
8.761307147525561057e-01
8.763679471672133348e-01
8.762433475186423015e-01
8.762695579656923917e-01
8.763352605088430280e-01
8.762955160129924925e-01
8.763093877730465664e-01
8.763400268748596789e-01
8.764380127586146596e-01
8.763973729281805403e-01
8.762394898311089975e-01
8.765223776474928563e-01
8.764395425988337207e-01
8.764781850197221891e-01
8.764834155608451915e-01
8.764818881483138480e-01
8.765572130864225375e-01
8.766042700282694611e-01
8.765338511160841728e-01
8.765897260068058472e-01
8.766938317089818522e-01
8.766378860971438813e-01
8.765684173480891017e-01
8.765554684824580223e-01
8.766349738710637052e-01
8.767351332515441742e-01
8.766761079985891936e-01
8.767918018958467119e-01
8.767600457731926644e-01
8.768214255478612440e-01
8.767834964539693576e-01
8.767757151757843426e-01
8.768235894382359064e-01
8.768990742846266562e-01
8.768599409795804211e-01
8.770163519173572730e-01
8.769473644834623327e-01
8.769257481320309466e-01
8.767981485819282828e-01
8.770739475743539737e-01
8.770735201258595959e-01
8.769535829814985028e-01
8.768938273277836482e-01
8.770602396224519426e-01
8.770504895474986462e-01
8.771114996657485285e-01
8.771738655125200790e-01
8.770315876762496687e-01
8.772165351190168714e-01
8.772564148408452667e-01
8.772213749598952726e-01
8.772285145742516610e-01
8.771125842182448951e-01
8.772020216033246109e-01
8.772762429800199380e-01
8.773591732661488729e-01
8.772674473310307919e-01
8.772896601989380594e-01
8.773539462114089416e-01
8.774051922445930130e-01
8.772957357269182133e-01
8.773819936630626870e-01
8.774064542258019905e-01
8.773496033653587212e-01
8.774202994078359463e-01
8.774638226212416736e-01
8.773962311883930498e-01
8.774561855503186791e-01
8.775025974775206850e-01
8.775324733012904721e-01
8.775442721683434089e-01
8.774996060552487931e-01
8.775185710654040960e-01
8.774337702639692926e-01
8.775162142921362207e-01
8.776157143888364542e-01
8.775994675511361587e-01
8.777296763840460869e-01
8.775493836098710032e-01
8.776271923505939432e-01
8.776207029591384101e-01
8.777729128644323753e-01
8.778196283031856062e-01
8.775815180077264355e-01
8.776841450768033681e-01
8.778380605207281029e-01
8.777901520867019691e-01
8.777290958600995063e-01
8.777308579758403839e-01
8.778332831417783311e-01
8.777850664543579429e-01
8.779253728979302673e-01
8.777873808724155902e-01
8.778336773603186982e-01
8.777703161529450959e-01
8.778525469910622991e-01
8.778990695223704011e-01
8.777969307531484633e-01
8.779018968013698743e-01
8.779106480801436296e-01
8.779323199337337735e-01
8.779795901189338947e-01
8.779914885596830088e-01
8.779281075431016879e-01
8.780352887312965482e-01
8.780113810072670555e-01
8.780745275927157589e-01
8.780490770017557178e-01
8.779954112638898023e-01
8.781154059831266512e-01
8.780732983991392793e-01
8.781543168104282149e-01
8.781425529588252621e-01
8.781279273618748382e-01
8.780735074664828277e-01
8.781288099908499678e-01
8.780106644075673650e-01
8.781247674922451063e-01
8.781354655236914830e-01
8.781386119988858763e-01
8.781557304516323104e-01
8.782247560328858560e-01
8.781550157346200702e-01
8.782367120518975723e-01
8.781713743221702950e-01
8.782470629775147586e-01
8.781285994521474958e-01
8.783534684765847977e-01
8.783998787592753876e-01
8.783436710755543331e-01
8.783311739193994105e-01
8.784643106985526861e-01
8.783982966377971158e-01
8.783238764866010406e-01
8.784041714014223512e-01
8.784308708399828358e-01
8.783544274277629293e-01
8.782913298771837241e-01
8.783286813470854160e-01
8.784690849198236728e-01
8.783680662557098451e-01
8.784020488476621535e-01
8.784890745971610793e-01
8.784272107079981184e-01
8.784619380881470985e-01
8.784556493602232452e-01
8.785214162958785433e-01
8.785373557176457959e-01
8.784667551327292045e-01
8.785078908038206347e-01
8.784910767136742127e-01
8.785697006828551148e-01
8.785903063714571859e-01
8.785712223345795158e-01
8.785861438021701497e-01
8.786550220999505001e-01
8.786029363543975679e-01
8.784546992796860021e-01
8.785952370566542102e-01
8.786512524005477554e-01
8.787006597185368362e-01
8.786625267655547855e-01
8.786225749369978022e-01
8.787434362419274114e-01
8.786801198696723159e-01
8.786904092708833769e-01
8.787315599104731367e-01
8.786969575729022264e-01
8.787463361417803265e-01
8.786678011558127777e-01
8.788074537125875052e-01
8.787563834960965270e-01
8.787334357112234207e-01
8.788123289589349074e-01
8.787540090708010343e-01
8.786406360501191060e-01
8.787305541840155776e-01
8.788471467373167867e-01
8.788588152465072190e-01
8.788077497914290603e-01
8.788570745130159789e-01
8.788057235349826524e-01
8.789287011205140221e-01
8.788540559103611427e-01
8.788540134550110183e-01
8.789398021637310210e-01
8.789519529290389377e-01
8.788841626393169015e-01
8.789366241467275742e-01
8.789598466257320108e-01
8.788892169992505998e-01
8.789494526309299394e-01
8.789577990659036555e-01
8.790842410274677388e-01
8.789647096285525540e-01
8.790392623517435666e-01
8.790466738000475289e-01
8.789981494665161099e-01
8.790160473636977612e-01
8.790730794272018089e-01
8.789352369875649273e-01
8.791170855217673719e-01
8.790211563573783193e-01
8.791082037400933524e-01
8.790744175042952691e-01
8.790020231373291137e-01
8.791193743143949080e-01
8.790439297400081120e-01
8.790923672696392410e-01
8.791490319784560636e-01
8.791392197048959467e-01
8.791754957464702480e-01
8.792467393475541515e-01
8.791324410077094864e-01
8.791882460965366741e-01
8.791783833256986425e-01
8.791533248932711375e-01
8.791782867935619139e-01
8.791576302742823978e-01
8.792334389690821261e-01
8.791838966097497154e-01
8.792725028432807344e-01
8.793220876293823540e-01
8.792864113321725572e-01
8.792508208986203888e-01
8.792751999062106139e-01
8.792900012324211811e-01
8.793914515379135377e-01
8.792514178478558762e-01
8.792833449218132591e-01
8.793013541658704080e-01
8.793478743038997125e-01
8.793438051966101510e-01
8.793750064142278333e-01
8.793508423346534375e-01
8.792896274654006250e-01
8.794305262840556026e-01
8.794756046444001107e-01
8.794091957815904914e-01
8.794012509165008984e-01
8.793097093065594949e-01
8.793817776676502440e-01
8.794387148923581421e-01
8.794296340109742927e-01
8.793594924359702247e-01
8.794462307068123819e-01
8.794394416859536712e-01
8.794706843817042818e-01
8.794311365675102632e-01
8.794883698191586774e-01
8.795106404906515296e-01
8.794585601437292510e-01
8.794678308988049809e-01
8.794266626418690835e-01
8.795210885965729641e-01
8.795551007440465252e-01
8.795762907753081894e-01
8.795667171006925633e-01
8.794782552133455500e-01
8.795706048125435661e-01
8.795328048961155165e-01
8.795186031138152449e-01
8.796750796373423720e-01
8.795971842778061989e-01
8.795600870014013140e-01
8.796066478551510803e-01
8.795383042651657712e-01
8.796089327510511202e-01
8.795867191093029724e-01
8.796450209514983243e-01
8.796277028402007536e-01
8.796165101014187249e-01
8.796384591965004107e-01
8.796944948611357118e-01
8.797355180528085850e-01
8.796260474846439026e-01
8.796542868578671737e-01
8.796898715302580163e-01
8.795836342077261172e-01
8.797277521849482529e-01
8.797241713958421361e-01
8.797062317759701822e-01
8.796859171936706190e-01
8.797042773203166410e-01
8.797603114085535969e-01
8.797879261747139079e-01
8.797787629315080293e-01
8.798063605340754600e-01
8.796145062662819036e-01
8.796193069682514132e-01
8.797286574638383261e-01
8.798595306740590871e-01
8.798283213950622850e-01
8.798465993046317157e-01
8.797928874956871814e-01
8.797954952520509186e-01
8.797823266815198995e-01
8.797661313231620595e-01
8.798435158498887354e-01
8.799120058619157581e-01
8.799683587860395173e-01
8.797956211197515142e-01
8.798829192502112262e-01
8.798159261339940640e-01
8.798759546817285226e-01
8.798549599878280336e-01
8.798819543647026231e-01
8.798583469673206814e-01
8.799040528686707940e-01
8.798410415166375564e-01
8.800407668754506307e-01
8.800041090717987124e-01
8.799375119967952630e-01
8.800000321640244483e-01
8.799825118427510029e-01
8.799633615375170859e-01
8.800253028225191176e-01
8.798285645263946853e-01
8.798511904125444483e-01
8.799779746083497001e-01
8.799926040639592939e-01
8.799016374075077085e-01
8.799489197385741424e-01
8.799718612686836527e-01
8.799920126140594601e-01
8.800335388248520241e-01
8.800603180633570499e-01
8.800109084393611392e-01
8.800601744256687509e-01
8.799997725385947378e-01
