2.133793764305138285e-01
4.308138494453522260e-01
4.468019366227305444e-01
4.854772094609761113e-01
5.143274645059503491e-01
5.430033579539742528e-01
5.705096492383145979e-01
5.846926983208706741e-01
5.994788523638059363e-01
6.209673268840567584e-01
6.271268644751200050e-01
6.208025645857054853e-01
6.358996770026635881e-01
6.392693253557129029e-01
6.481581209123704612e-01
6.570475903773665971e-01
6.558918906159483253e-01
6.697238896493266092e-01
6.653328510813659724e-01
6.763681599791235843e-01
6.709070233164688979e-01
6.906509622918662883e-01
6.953881190114420408e-01
6.916816850236722214e-01
7.019011920091994261e-01
6.996582068079675309e-01
7.134136344177008926e-01
7.177575957976340959e-01
7.163506538674442314e-01
7.314077115915240679e-01
7.320028297306425680e-01
7.350852593368391030e-01
7.468795135710223354e-01
7.414347808532995021e-01
7.482123295802649565e-01
7.563486077621117687e-01
7.617287166756643302e-01
7.633087545674968055e-01
7.613951375965156698e-01
7.682419568980523028e-01
7.713256575081979260e-01
7.769842025463269408e-01
7.835045369557614992e-01
7.786025649917126534e-01
7.835740749985433684e-01
7.870435586038628806e-01
7.906629110253025061e-01
7.990814827574437285e-01
8.000107636601704320e-01
7.962410672266011513e-01
8.000423724471358300e-01
8.046760429709999274e-01
8.058311544265721604e-01
8.042176283310118468e-01
8.082835071943620386e-01
8.081869518003993447e-01
8.124757118470744555e-01
8.133307226795284395e-01
8.151255370271637268e-01
8.174884018593210344e-01
8.170238359494976788e-01
8.230554001093581817e-01
8.191067444233827155e-01
8.249686141482579504e-01
8.213029486383216504e-01
8.214830859706742094e-01
8.242685048154253513e-01
8.252951502501162384e-01
8.284555967991875658e-01
8.312444283656139632e-01
8.327121215606237969e-01
8.296386200116291354e-01
8.356643172497376648e-01
8.350998095810715505e-01
8.359772248757945112e-01
8.342537703395929150e-01
8.363808354179878002e-01
8.367617828420969017e-01
8.370720440546798313e-01
8.389250058718842329e-01
8.422326858841507891e-01
8.406055410526087623e-01
8.413897276570233563e-01
8.393689854787941274e-01
8.422658940526468463e-01
8.408206076277818797e-01
8.435481485527237533e-01
8.426878942199925726e-01
8.443016073320908088e-01
8.437213340199607448e-01
8.463855320136600691e-01
8.436805694867429706e-01
8.487187761771645134e-01
8.478863082617141833e-01
8.486026249126312759e-01
8.466635550560034362e-01
8.474537354301741043e-01
8.490271776146283145e-01
8.467184867566557305e-01
8.505604869028272619e-01
