2.456267206448691232e-01
4.102005569411565911e-01
4.703860681912719333e-01
5.247954703748296534e-01
5.514095917709158634e-01
5.680964541632576026e-01
5.651544536433604771e-01
5.889089872679292847e-01
5.923773981294715441e-01
6.067672266434998019e-01
6.125619496707723766e-01
6.195210694141759511e-01
6.344019286316630035e-01
6.347782317766459403e-01
6.469565442427491764e-01
6.625298038226372643e-01
6.606786668660590278e-01
6.743062821478769120e-01
6.759015387939515396e-01
6.934686315777655041e-01
6.988585146188315278e-01
6.928745343952738001e-01
7.093603172298619253e-01
7.129820376074094135e-01
7.118838209503152159e-01
7.216109217655555241e-01
7.226334949843924438e-01
7.290192252570173448e-01
7.323346785437246931e-01
7.349759873356428441e-01
7.393163362750223566e-01
7.412390035842830738e-01
7.443763176896579514e-01
7.477735914901072478e-01
7.526981318541356991e-01
7.529527906699271522e-01
7.562783225940055143e-01
7.599167332265176489e-01
7.597010139609972068e-01
7.605244801565346213e-01
7.636743411686935934e-01
7.677110993453022392e-01
7.683954466459242960e-01
7.705959765668806138e-01
7.695289366991964197e-01
7.748034608503601151e-01
7.730561509660702768e-01
7.762797770452453117e-01
7.736573348736687228e-01
7.776047340795697593e-01
7.772540478139023934e-01
7.784380247411311071e-01
7.825015613593623298e-01
7.810378604898708943e-01
7.856208159787905210e-01
7.831675358758793948e-01
7.856063826881062306e-01
7.886474526827039755e-01
7.876872828392403880e-01
7.905914731618248759e-01
7.882066165009871117e-01
7.898821342634342324e-01
7.915371716457868523e-01
7.923315971893721832e-01
7.939724149219203886e-01
7.933872666306938104e-01
7.925906195237546470e-01
7.940320682364311322e-01
7.964964728699368557e-01
7.964751238752708629e-01
7.970479427089213198e-01
7.968891170217602404e-01
7.976413679984376559e-01
7.999563800503546318e-01
8.004500749297698281e-01
7.990700736934188697e-01
8.008939754206916284e-01
8.015591601789137099e-01
8.007001523518186836e-01
8.013526799147080437e-01
8.023013347045803156e-01
8.039150531549992262e-01
8.037020687349945014e-01
8.044221687241595031e-01
8.043205461813026647e-01
8.047239707268806219e-01
8.057197919193969105e-01
8.068145513252882317e-01
8.062626782663236957e-01
8.064665161632070811e-01
8.079950762719217972e-01
8.084169151280858889e-01
8.070880621512023234e-01
8.088579725402741394e-01
8.084909846207853912e-01
8.087079254379675453e-01
8.089745169423075977e-01
8.105697325010589038e-01
8.106168697797718758e-01
8.101493451571317728e-01
8.113226276718196184e-01
8.098851931787507397e-01
8.116675390953702607e-01
8.111865799950129796e-01
8.124614803185993273e-01
8.124427567382340731e-01
8.142957183932200138e-01
8.130341049561036204e-01
8.127831849934368247e-01
8.146474860897600090e-01
8.141797589953944092e-01
8.145591522783932614e-01
8.151134660678355237e-01
8.142415724902446472e-01
8.146479407280766694e-01
8.155786366115376218e-01
8.144611280491022010e-01
8.164191003041698647e-01
8.162796333546863403e-01
8.158769502430581744e-01
8.171850803648228467e-01
8.178812420289386376e-01
8.159347699139354315e-01
8.174897664423892429e-01
8.173655119291406423e-01
8.162824886606513397e-01
8.166694352962043935e-01
8.181866660386414303e-01
8.170146907066736519e-01
8.191895116913107122e-01
8.192593087412304298e-01
8.191243664578524708e-01
8.181930933185792565e-01
8.192596742492300743e-01
8.191979301826645132e-01
8.197367635197450042e-01
8.183922586863907611e-01
8.208171813360746194e-01
8.199681596191513711e-01
8.214158666775853712e-01
8.204884751224666983e-01
8.211333608169480991e-01
8.199949165477938839e-01
8.205336683761801364e-01
8.212226055728348850e-01
8.216851917462126842e-01
8.214530154780733673e-01
8.220200088360253288e-01
8.209111789070846488e-01
8.221484057228938269e-01
8.214516316709231658e-01
8.227312445534944452e-01
8.228831157935566631e-01
8.227671274873058493e-01
8.240209746103583921e-01
8.242227203116681000e-01
8.237004354471515466e-01
8.235472656918921830e-01
8.239712119471093166e-01
8.238282245163205397e-01
8.227759772588117970e-01
8.245439944079911987e-01
8.240158953260877661e-01
8.241570338025935305e-01
8.238724054967723198e-01
8.251785244563150101e-01
8.235110599634316575e-01
8.231809070160500674e-01
8.247135819652700039e-01
8.250976598884025570e-01
8.250054737979666264e-01
8.244566101700191441e-01
8.247781570290929620e-01
8.246096718065054620e-01
8.252029782922568613e-01
8.255738345235623665e-01
8.256710752862611580e-01
8.264929511053829003e-01
8.259036840959093073e-01
8.268014233687734915e-01
8.260937602391725809e-01
8.259319572092349571e-01
8.261601709096882962e-01
8.262364054231363664e-01
8.256296651806475095e-01
8.256349307624815115e-01
8.265052294254786602e-01
8.258812028510831293e-01
8.275067444224325497e-01
8.267915793863492846e-01
8.274206897273864714e-01
8.265408327172841796e-01
8.269296508859772521e-01
8.260863753233543827e-01
8.278199455988610733e-01
8.276660655259838739e-01
8.279711547762400592e-01
8.278835635463719367e-01
8.272962386478387442e-01
8.290917647587237038e-01
8.277725850457822165e-01
8.272873033040016866e-01
8.276488678717675018e-01
8.281998284616047812e-01
8.281295266379770093e-01
8.284502695495694624e-01
8.275069982281538783e-01
8.285779790439825598e-01
8.284713370224418005e-01
8.279871833868773789e-01
8.282454635509293173e-01
8.276209640543291668e-01
8.296094041304150624e-01
8.283049249155371996e-01
8.282026228405764412e-01
8.282535156101322737e-01
8.293081078294289865e-01
8.304769422528461842e-01
8.291964005101386537e-01
8.285801713146241365e-01
8.296113146433513608e-01
8.288982567584624039e-01
8.293577082759943098e-01
8.291915799823227351e-01
8.303711951247910728e-01
8.299129371953402057e-01
8.306273269619217636e-01
8.293951609231360322e-01
8.305645304924670347e-01
8.309258988961608638e-01
8.295108152521578626e-01
8.310413776227366656e-01
8.305243039898823065e-01
8.297293728723581507e-01
8.302187532607060438e-01
8.305026337898723243e-01
8.312728707115860649e-01
8.306497958182679220e-01
8.309037195142372489e-01
8.309456802631224326e-01
8.296280129999413777e-01
8.314702769766045831e-01
8.315053425569343126e-01
8.315745427411507240e-01
8.304569283479638075e-01
8.311751369006140644e-01
8.309808674771016479e-01
8.322689151904358873e-01
8.311380522548424965e-01
8.315686165524316387e-01
8.318098086096912258e-01
8.322571879523514848e-01
8.311763153892948175e-01
8.318550370150307183e-01
8.323731381158759879e-01
8.306182792789059688e-01
8.316599449623918172e-01
8.319210341880952653e-01
8.320376263198620004e-01
8.311940259077851278e-01
8.319425127934341191e-01
8.333341631496470336e-01
8.319033702056641832e-01
8.305167790639963465e-01
8.321394300943237843e-01
8.320063609269889859e-01
8.328098772756853396e-01
8.326714532704055927e-01
8.327315036150085836e-01
8.326665452887972441e-01
8.328589291215718893e-01
8.323126355156860168e-01
8.337073756084594223e-01
8.333334267008034590e-01
8.324735279551708222e-01
8.325215281470796924e-01
8.335797639698822037e-01
8.328063069772799754e-01
8.329500034896897276e-01
8.320102990142899113e-01
8.337986983954696063e-01
8.328379662424451046e-01
8.335655758287108252e-01
8.335700170706957790e-01
8.348264413584021160e-01
8.339586574962455368e-01
8.337116269897738574e-01
8.344553357964131779e-01
8.334501372055347357e-01
8.335790125266651085e-01
8.332105601930233085e-01
8.335711327846048180e-01
8.335053233673649364e-01
8.341803723861473951e-01
8.347179625640379630e-01
8.345515364808718806e-01
8.341936074538119916e-01
8.343663416493029006e-01
8.336411869847262235e-01
8.341480663221951808e-01
8.352358548777132352e-01
8.347888118748981734e-01
8.349424524808434223e-01
8.341056197088437818e-01
8.350152195403198752e-01
8.353429337510075436e-01
8.354241695318039840e-01
8.348053786394958875e-01
8.350591125877225851e-01
8.350854675160760410e-01
8.353052371079231486e-01
8.351582390346864448e-01
8.323644965254377581e-01
8.368130769682192716e-01
8.355532649819606972e-01
8.351808283540330669e-01
8.366549443116438889e-01
8.364890900943622309e-01
8.356709530567398847e-01
8.366518452537103911e-01
8.362370575568689457e-01
8.369389707734179451e-01
8.361674829972326473e-01
8.361254310708229331e-01
8.374565686315464941e-01
8.366496548799474686e-01
8.370010468438626727e-01
8.369300789679158248e-01
8.367673981274700301e-01
8.371598027339550718e-01
8.369704296610495087e-01
8.358599439801176478e-01
8.366056438811408924e-01
8.377871640397963615e-01
8.367788707171579521e-01
8.371220220755895003e-01
8.369151105496720477e-01
8.377613658521488871e-01
8.378418326164371877e-01
8.380595446554754968e-01
8.385319412346257106e-01
8.380550140900261402e-01
8.378016864111287321e-01
8.383353384612657333e-01
8.379588593134462693e-01
8.385305837660341766e-01
8.395179171457893830e-01
8.370333401591034672e-01
8.382115924781705640e-01
8.381856190384276983e-01
8.387041981154035319e-01
8.392103597510577329e-01
8.391105213174294697e-01
8.386318061719890693e-01
8.368951491831376766e-01
8.382791160757823157e-01
8.397849702382111925e-01
8.385372453847692586e-01
8.385973468425618194e-01
8.393868787959275490e-01
8.393401074038523424e-01
8.396741938999466859e-01
8.394854604390737940e-01
8.392398773042040183e-01
8.397426565665095932e-01
8.392418054671725303e-01
8.387484000835729869e-01
8.405692278425492825e-01
8.395985327400191656e-01
8.398021873702765649e-01
8.394554075235881596e-01
8.401737684947864215e-01
8.391344605286883418e-01
8.391293863360463900e-01
8.406932409976148879e-01
8.398680928311350602e-01
8.404066093585718100e-01
8.402954990520993261e-01
8.396695238607997380e-01
8.401988227518042418e-01
8.394848324580495014e-01
8.410145661189113442e-01
8.411960792619912475e-01
8.408735598735241901e-01
8.404347814507279191e-01
8.397068982759362532e-01
8.401948668807998066e-01
8.396434159017930332e-01
8.409562854778546148e-01
8.408508986358818049e-01
8.403655200540075532e-01
8.411229113657948675e-01
8.413334554990511416e-01
8.401907265123452762e-01
8.407667437903816321e-01
8.410464656790478388e-01
8.407664454586842862e-01
8.397212710383953338e-01
8.410454204412465273e-01
8.418931091543385703e-01
8.403691632954852775e-01
8.410850304966808189e-01
8.409198641107663574e-01
8.413028359546822488e-01
8.404894423115424340e-01
8.415575391025257312e-01
8.412936477485838394e-01
8.413337461235506076e-01
8.415017147537149356e-01
8.421215625642930469e-01
8.412605216958167764e-01
8.417034358968812358e-01
8.412420386737549105e-01
8.420858016748580255e-01
8.421518187634701169e-01
8.417825073253948354e-01
8.415231759129526701e-01
8.430798292445775832e-01
8.414857897063861003e-01
8.425485030781396656e-01
8.412901350649336640e-01
8.418229380046582389e-01
8.426541423478062232e-01
8.426527808957771093e-01
8.422083208056287962e-01
8.435844279382486155e-01
8.430876220062245574e-01
8.423162787361845316e-01
8.435015360047448674e-01
8.424827437678715780e-01
8.423540525731312290e-01
8.422783327056347913e-01
8.431507972647668270e-01
8.436688692188967220e-01
8.431394078583216434e-01
8.434452085845112190e-01
8.440542154775236838e-01
8.437066557606218709e-01
8.427793626286669282e-01
8.438076267285381515e-01
8.438947882706602233e-01
8.433618905143939193e-01
8.437166802302026314e-01
8.437929916291913024e-01
8.440511807507270481e-01
8.430820353018831925e-01
8.437763280628878260e-01
8.432960290632109945e-01
8.427503825788007497e-01
8.442082403966520987e-01
8.438738423263335564e-01
8.440642997383464019e-01
8.447101539972942108e-01
8.434941743447700313e-01
8.412128794224427164e-01
8.438778460351510358e-01
8.453297968352968539e-01
8.447433083391967523e-01
8.453529523418078506e-01
8.440967362799367546e-01
8.455856646043928837e-01
8.392204953899088382e-01
8.441790061984517646e-01
8.443121907607032961e-01
8.453666145298430745e-01
8.442150161199734049e-01
8.447533453365192457e-01
8.443229252741044633e-01
8.456980707348795701e-01
8.449855315945374867e-01
8.446185406979415111e-01
8.445909698040454661e-01
8.443243614865610924e-01
8.451926030005906254e-01
8.452979960652848845e-01
8.457273709710775300e-01
8.458083637305352509e-01
8.448672334415509022e-01
8.457548986154433956e-01
8.461556423749180267e-01
8.450279767409847320e-01
8.459215012447426352e-01
8.457245293193301761e-01
8.460408190847134025e-01
8.458010093331926882e-01
8.459965321018151352e-01
8.458105842453755852e-01
8.457871990075215285e-01
8.459995954021469755e-01
8.453177028947403970e-01
8.467028332379250566e-01
8.447957244589263670e-01
8.455426791050242308e-01
8.459239682581429776e-01
8.462422964797714497e-01
8.454045761279559423e-01
8.457016744417114040e-01
8.453191845257655990e-01
8.472538459496286034e-01
8.457144939013011564e-01
8.453579544064527829e-01
8.411414752916779314e-01
8.421478159203382718e-01
8.421493046025427809e-01
8.417327033599074637e-01
8.423611959594469178e-01
8.423229344662956919e-01
8.424356636173222501e-01
8.414724462898385271e-01
8.414995688593521761e-01
8.420160300196868342e-01
8.414990580502740292e-01
8.414180592843022444e-01
8.425605572823385847e-01
8.427901988525153820e-01
8.409247476843780822e-01
8.417733997186794825e-01
8.422460946740267795e-01
8.425366339813887828e-01
8.423586608084288052e-01
8.502471597791022573e-01
8.508803036441425771e-01
8.511964877338843438e-01
8.515156121256854949e-01
8.517687998789421622e-01
8.514458206075017355e-01
8.518823928924738054e-01
8.521830521646586165e-01
8.519027129799009446e-01
8.519957490644730624e-01
8.521689291770488950e-01
8.520260983379598363e-01
8.523541125234253002e-01
8.519433213244944625e-01
8.523390666364571988e-01
8.524853059368093788e-01
8.524687303495906976e-01
8.526697002541354653e-01
8.522253712854244156e-01
8.527441485728030068e-01
8.524854555565162251e-01
8.525551350125459837e-01
8.527272962584043769e-01
8.526985580382522301e-01
8.525603259377309007e-01
8.529649175539409933e-01
8.528276183269460908e-01
8.531551248456151759e-01
8.523384465983590008e-01
8.528517815666525337e-01
8.528910999976274665e-01
8.531091331428752866e-01
8.531501237483032352e-01
8.525291595825638113e-01
8.532008566981826858e-01
8.533448950843249836e-01
8.529541417254199454e-01
8.530603362650794885e-01
8.529324283231275450e-01
8.530425869197734157e-01
8.528757170315300895e-01
8.532203273388451192e-01
8.533158437126964202e-01
8.534203946045744171e-01
8.532965249738763136e-01
8.534935847617379778e-01
8.531377271424800401e-01
8.533229375474026268e-01
8.535393455482721548e-01
8.533670765513841072e-01
8.533099815663819365e-01
8.536110901642400828e-01
8.538523168102141181e-01
8.538750705274027464e-01
8.537214077638156651e-01
8.539119584911477601e-01
8.534494322110420805e-01
8.533049300505536339e-01
8.536603905024395811e-01
8.537328345708828925e-01
8.535845928776861768e-01
8.539240878898801679e-01
8.538663508875252717e-01
8.538701417486876943e-01
8.536783937863834382e-01
8.541224081349402253e-01
8.535621631309577850e-01
8.538369285151908850e-01
8.539546921492544573e-01
8.540345155207660355e-01
8.543332368686789025e-01
8.537523355142435655e-01
8.540609893850004131e-01
8.540938010995650087e-01
8.539037302586085509e-01
8.540267161852271860e-01
8.540083753605822725e-01
8.537845420445063782e-01
8.539826892208673970e-01
8.543116323492703224e-01
8.540245349850313916e-01
8.539070409625151292e-01
8.539871465905340964e-01
8.539820789066396856e-01
8.541282204006409584e-01
8.542505011045778973e-01
8.545443564749033438e-01
8.543237683556759166e-01
8.540287302080771248e-01
8.545150452385458228e-01
8.543512833943431861e-01
8.544301245147577495e-01
8.540930290738901753e-01
8.542418094917629823e-01
8.544791358920817981e-01
8.543500982507267194e-01
8.543197990839157541e-01
8.542516860060752615e-01
8.545406276720466376e-01
8.546341848268823593e-01
8.547757053054992893e-01
8.544333200479566903e-01
8.546684740200561903e-01
8.545412445899135401e-01
8.549222397335822787e-01
8.546491878305749745e-01
8.545024623373994599e-01
8.543808901679783574e-01
8.541983957996626131e-01
8.546889448014322044e-01
8.547009049949582105e-01
8.545833594631633279e-01
8.544149857983152074e-01
8.546240463046704816e-01
8.546565873301622540e-01
8.546194870857621861e-01
8.546471905238308686e-01
8.549641618970837964e-01
8.547349682947621430e-01
8.548725042955792608e-01
8.549356940309358333e-01
8.548342089904785723e-01
8.551659591062175103e-01
8.550911485532255440e-01
8.549532297618024357e-01
8.551562378403929632e-01
8.546740136687698275e-01
8.546114506796991250e-01
8.551586367904684405e-01
8.551042029619146945e-01
8.548123820544176743e-01
8.551729103574340352e-01
8.552351327321309205e-01
8.554717188578776499e-01
8.550838735942163371e-01
8.550815050766534808e-01
8.554919036750063821e-01
8.544154651837158054e-01
8.551287357376293752e-01
8.550084929486605478e-01
8.547461709679798902e-01
8.551769904927961630e-01
8.549658568849497486e-01
8.550698670854524064e-01
8.554229819871871365e-01
8.552816441526829294e-01
8.550200508278152922e-01
8.554422951332271152e-01
8.553625931094442914e-01
8.548790142405315873e-01
8.552608909279060256e-01
8.548714460497902623e-01
8.549792346357379946e-01
8.552422576856304470e-01
8.554589973863491181e-01
8.559269350243882135e-01
8.552419754997240275e-01
8.550953380037907836e-01
8.554496133304451133e-01
8.553115412525713612e-01
8.558436882896585107e-01
8.553353803627272711e-01
8.557956027410410504e-01
8.560621321468238065e-01
8.558574878669384933e-01
8.558146500804078016e-01
8.557575330040043671e-01
8.557469855933298453e-01
8.556475505751931498e-01
8.557350273257270379e-01
8.557006019780878381e-01
8.555048088363894632e-01
8.558274849057004863e-01
8.556313362261254163e-01
8.554355099948813823e-01
8.559145911160379594e-01
8.560119152371703510e-01
8.558124820052550596e-01
8.558671404289928120e-01
8.561025894951398429e-01
8.561324961056996363e-01
8.555000090809429247e-01
8.561621799762133556e-01
8.557831534104181070e-01
8.557620358962756413e-01
8.558729528577510015e-01
8.559414787968814275e-01
8.557936899908670236e-01
8.559901076983453816e-01
8.560800839514748350e-01
8.565390044208593956e-01
8.562647302495954849e-01
8.561441206680576732e-01
8.555988092770804299e-01
8.562116366840903936e-01
8.557821178105632365e-01
8.559454820442461420e-01
8.562801056694974156e-01
8.560236368589497769e-01
8.562789065245661746e-01
8.561035032905864872e-01
8.560579126956103790e-01
8.563934446880688833e-01
8.563652646350492503e-01
8.562519314564779327e-01
8.560255911529577322e-01
8.561838112424633440e-01
8.563683803527316618e-01
8.561313337438467563e-01
8.563930021251449087e-01
8.561461235369900447e-01
8.563363549338011138e-01
8.570094257338226607e-01
8.568150944007058012e-01
8.572506333653328037e-01
8.571031737333556499e-01
8.572087718680516666e-01
8.572575805080455691e-01
8.568998636201045072e-01
8.565797287729700615e-01
8.569471112856749118e-01
8.568987189929408999e-01
8.571814697577436748e-01
8.567755966413951318e-01
8.574730180460469198e-01
8.568384746882468095e-01
8.569581468612798014e-01
8.568063632523426065e-01
8.570690252026751388e-01
8.568593046258440316e-01
8.568511313774778149e-01
8.572358744111314710e-01
8.569601879035515513e-01
8.570680535516956855e-01
8.570344011392857508e-01
8.568086963256323907e-01
8.570111723540092541e-01
8.571734303064361127e-01
8.570225553321686451e-01
8.570959052323862126e-01
8.571155420657307067e-01
8.571726375432443534e-01
8.565592354915843032e-01
8.573331385504242563e-01
8.571058665834886403e-01
8.567923786666262753e-01
8.572345049440187603e-01
8.570665310286710303e-01
8.572656360458257296e-01
8.570337635808716881e-01
8.573335192126793070e-01
8.576442176166478859e-01
8.572144398419914157e-01
8.569993365788788342e-01
8.571881457701214790e-01
8.572768202124420034e-01
8.569862758854270846e-01
8.569074659866282584e-01
8.569821419925374162e-01
8.573178092828606101e-01
8.573238596997174721e-01
8.573252086216481826e-01
8.573827414333473618e-01
8.573098711989425302e-01
8.569052087195555556e-01
8.571841149846827212e-01
8.575055419789584521e-01
8.573121510601017237e-01
8.568397192454627609e-01
8.571164690844940148e-01
8.571564804217124411e-01
8.568571938503189989e-01
8.571007525037874775e-01
8.570059399916463150e-01
8.569968376384140551e-01
8.575222476492951884e-01
8.570568491994051685e-01
8.571604398245008527e-01
8.570063403047188944e-01
8.571909663086019204e-01
8.572319688999489040e-01
8.571234405417464952e-01
8.574299291952030000e-01
8.570394933892810929e-01
8.571283791563080179e-01
8.571325561283764660e-01
8.573988477111990081e-01
8.570358878019855853e-01
8.571844256751914859e-01
8.570958704501561165e-01
8.575205503108640492e-01
8.571347583427527672e-01
8.573905651773296999e-01
8.571042600265802447e-01
8.571239817166848018e-01
8.572478279713132698e-01
8.573825634570111376e-01
8.572431981245903776e-01
8.572722387253318699e-01
8.571855924984176367e-01
8.571483327883954173e-01
8.575294828406498926e-01
8.571432760133287365e-01
8.572729236722805846e-01
8.570855166902046074e-01
8.572489570413084348e-01
8.569093443186329706e-01
8.575607498435228182e-01
8.571965991997462231e-01
8.569335723722573128e-01
8.570427795882973321e-01
8.574668066692827662e-01
8.573064204442758518e-01
8.574452044078069157e-01
8.576510196196186486e-01
8.573450520023940813e-01
8.573251619926168798e-01
8.569597426221784442e-01
8.570662387571715835e-01
8.570790491208235551e-01
8.572126353073586946e-01
8.574914110776814535e-01
8.575576424400941367e-01
8.569814669702028320e-01
8.572303640589851170e-01
8.567231756720120606e-01
8.571145009004005333e-01
8.571668768352763701e-01
8.570220651123839906e-01
8.571530820626083180e-01
8.572136199249573707e-01
8.567931560175084948e-01
8.573607293916745142e-01
8.571111152154896606e-01
8.574796681448407787e-01
8.566717332616859970e-01
8.571956853930509102e-01
8.572431670333010567e-01
8.570626174783421147e-01
8.571993076286321678e-01
8.572175784797219089e-01
8.571766585125233373e-01
8.572032520079603257e-01
8.571879778709404762e-01
8.572633682461282545e-01
8.572580142459103048e-01
8.569924657144156743e-01
8.576534036293901320e-01
8.572543163691572765e-01
8.573030184262473430e-01
8.572612315734543520e-01
8.569790372545956769e-01
8.573227729857023638e-01
8.573514447335991440e-01
8.573460851603706967e-01
8.570248595451697149e-01
8.569924993446071948e-01
8.570397065003919623e-01
8.572525859779619450e-01
8.572272334973363161e-01
8.571834712118889810e-01
8.572600450306662179e-01
8.569448262457763921e-01
8.574653680032693348e-01
8.572507121033531297e-01
8.569502059193019328e-01
8.571025485086515294e-01
8.573619108226576691e-01
8.574274025237130781e-01
8.576138952724957631e-01
8.571136402932519882e-01
8.570438238163833322e-01
8.571072038162563800e-01
8.570339098750172635e-01
8.572381701473352766e-01
8.569238827169202155e-01
8.573411034463220837e-01
8.572019860446242756e-01
8.570815338196449140e-01
8.571109964734499043e-01
8.570983727209755543e-01
8.570516855271924639e-01
8.572780010084801727e-01
8.574088291000351303e-01
8.569027540490830042e-01
8.575131061372660568e-01
8.572986568740167401e-01
8.571067224247932437e-01
8.574326541021047854e-01
8.572157608055580580e-01
8.571613447955419574e-01
8.571284411127969571e-01
8.571905911549468904e-01
8.573481930128162842e-01
8.570328838923479964e-01
8.574244147037825003e-01
8.574327714752548735e-01
8.571930442594516419e-01
8.576214850067477302e-01
8.571521054011143059e-01
8.570077624101636316e-01
8.575033243923861903e-01
8.569315394942323971e-01
8.568351754233765050e-01
8.572275650303404770e-01
8.568469489432658515e-01
8.572698442364528049e-01
8.573516594121304291e-01
8.568475704081504052e-01
8.569811894143024578e-01
8.571277287207065276e-01
8.571899701672808236e-01
8.571659767140960007e-01
8.570229589925593139e-01
8.571670474304776688e-01
8.570186725645961845e-01
8.575573305393635604e-01
8.570507036797684330e-01
8.569350620445299604e-01
8.573336537338887009e-01
8.572484005394686024e-01
8.572783849292298086e-01
8.572425921809760929e-01
8.570124943631647341e-01
8.572102994598916892e-01
8.574247500679752498e-01
8.575046413118525557e-01
8.571217420353699490e-01
8.576010060583563188e-01
8.574809965701210013e-01
8.571257895859025755e-01
8.570811779611077208e-01
8.572872957351592715e-01
8.570566084930211215e-01
8.571227634992689692e-01
8.572322937049182690e-01
8.572579297453511993e-01
8.570614973107876233e-01
8.571994424530884338e-01
8.571874196536783952e-01
8.572826218463125425e-01
8.569023848919261610e-01
8.565396760362685713e-01
8.567985049931655661e-01
8.573891756034685008e-01
8.568736307931894558e-01
8.570542367255005178e-01
8.571733346897154604e-01
8.574212485807616302e-01
8.569237387967003627e-01
8.576694794043003833e-01
8.569275586201134942e-01
8.566199935885614458e-01
8.569054471449836230e-01
8.572058942059298525e-01
8.571574050516913568e-01
8.570031847077620446e-01
8.570676550059965759e-01
8.575168151591479049e-01
8.571245935384239623e-01
8.574691083314436302e-01
8.570008412290216482e-01
8.573438001283154586e-01
8.574099662421406087e-01
8.576210298405113619e-01
8.569690609857558705e-01
8.576054786753382064e-01
8.570091723384349880e-01
8.571388068678726935e-01
8.573680654128243983e-01
8.571333563567082869e-01
8.569039470244471657e-01
8.568171359068901261e-01
8.568194827659432189e-01
8.571928251482460182e-01
8.570006955823737949e-01
8.573893636292824194e-01
8.571830411648369008e-01
8.570507299874210450e-01
8.568826132710730681e-01
