-2.915639999588588012e+02
-6.143569643613750486e+01
-1.445462383905049997e+00
-3.491514490153111439e-01
2.342490282660131262e-02
2.746930516876022188e-01
3.311706951891841277e-01
4.263126538503592133e-01
5.117385644098391140e-01
5.236353367055300856e-01
4.731426713150956864e-01
5.378877019464126663e-01
5.030572551055829678e-01
5.848751576077616532e-01
5.697525166749791703e-01
5.384874438480243830e-01
5.991102270749180114e-01
5.954978992148353134e-01
6.078604278291256380e-01
5.801032621901317521e-01
6.152591318241518170e-01
6.032247532266939993e-01
6.126000609514257178e-01
6.338225951718339246e-01
5.789753390053167248e-01
6.277439475259506407e-01
6.331703967923163479e-01
6.397093607307459129e-01
6.225603399329092680e-01
6.395235496776912054e-01
6.460533547970161994e-01
6.307536691262850548e-01
6.416989028647408499e-01
6.499128545510788335e-01
6.584408881686333315e-01
6.587744595526051627e-01
6.597177540332234136e-01
6.554350682367201530e-01
6.571224953055833096e-01
6.636317399500369918e-01
6.325012903291300503e-01
6.612455108491868128e-01
6.663809157296826102e-01
6.695461492671966885e-01
6.614735632161944379e-01
6.683322045871581407e-01
6.573838066296284754e-01
6.702150800679641529e-01
6.655829957218426518e-01
6.708441174333282797e-01
6.777500064831177840e-01
6.767385053079038038e-01
6.761858796365832758e-01
6.828555403302037918e-01
6.827175443049943171e-01
6.862320450209842271e-01
6.831906577031779948e-01
6.465711063824709504e-01
6.786416949569408219e-01
6.804272373375103156e-01
6.851513232135909570e-01
6.914591704384221993e-01
6.886317736304969905e-01
6.869446496684848968e-01
6.886845327155377561e-01
6.882512766977703089e-01
6.889162921339561096e-01
6.831468455758963332e-01
6.931548866618412186e-01
6.914122674575060579e-01
6.930292545666317805e-01
6.927095922303023734e-01
6.803390559000943583e-01
6.960182540379058480e-01
6.978969225881147542e-01
6.972444168412783583e-01
6.837099070067357287e-01
6.852912839136848788e-01
7.015315648980900987e-01
6.982439233979489401e-01
7.023183666539102310e-01
7.034573573059533791e-01
7.014052994192286894e-01
7.018673266144564993e-01
7.023557751204286825e-01
7.053672849792560484e-01
7.046303482820387432e-01
7.046612687044805368e-01
7.052023296041211031e-01
7.061930959171585087e-01
7.029192239296073730e-01
7.086372252911402603e-01
7.085911184967758070e-01
7.090312005051747635e-01
7.079755115491472850e-01
6.924398021487560007e-01
6.961241272206866171e-01
7.007414211111440139e-01
7.112984968137502362e-01
7.026046104983616480e-01
