-1.186904889884494807e+01
6.589087916558781233e-01
7.430837369676754900e-01
7.656111282099132831e-01
7.776437579314708914e-01
7.849807971470658119e-01
7.900583411064933115e-01
7.934228384296451164e-01
7.958974813660496528e-01
7.986205667432074717e-01
8.004710083237586149e-01
8.021157331081836261e-01
8.035362022093033296e-01
8.048414681026921924e-01
8.057778217254761843e-01
8.071861649095189994e-01
8.082462355887747307e-01
8.088040499299754549e-01
8.096107174217915814e-01
8.103918091312509731e-01
8.112877246037761836e-01
8.116313908031502766e-01
8.120990442983162527e-01
8.125891103538324112e-01
8.131764344895830998e-01
8.140702600999177863e-01
8.145985244494209354e-01
8.147676381456603334e-01
8.154467752983688422e-01
8.157894791881734609e-01
8.162150285783879022e-01
8.162404705069576938e-01
8.167577066977645961e-01
8.173025201741818124e-01
8.174502749534203749e-01
8.172077393889740637e-01
8.181328480755866162e-01
8.181855486082409978e-01
8.186426573943768048e-01
8.189142012494157186e-01
8.192185237993457880e-01
8.196232665903485648e-01
8.198390846725822634e-01
8.197963245258640397e-01
8.200544518730121801e-01
8.199759591110398205e-01
8.202108613303333851e-01
8.207067997577928153e-01
8.204367126687596157e-01
8.209784170097648159e-01
8.211295201612363037e-01
8.214140075095481830e-01
8.212490505966454357e-01
8.218595824434647978e-01
8.218439190441022557e-01
8.221604496397841855e-01
8.222181963286147033e-01
8.219820700195531460e-01
8.224766386603913348e-01
8.227924736448812837e-01
8.226715340865871084e-01
8.227283796215342226e-01
8.228642082779213940e-01
8.231378565847065065e-01
8.233047680127382195e-01
8.236858663230012256e-01
8.237562296132382444e-01
8.236988797538763452e-01
8.236021331821561375e-01
8.240672990608109982e-01
8.243341197070432891e-01
8.240162221642852725e-01
8.241443329700959275e-01
8.240113473300282321e-01
8.245727011588693811e-01
8.247369820687205921e-01
8.246432381097779096e-01
8.250756405704309238e-01
8.255185780671799867e-01
8.252993552730245597e-01
8.252466722205984428e-01
8.253065080062966796e-01
8.258447874431416036e-01
8.257569149217084403e-01
8.260246449375678868e-01
8.260038442342125808e-01
8.261310526236824714e-01
8.262649624575958418e-01
8.262344699972055118e-01
8.263120071206344619e-01
8.267343159544551234e-01
8.267417937635050951e-01
8.267279956910812411e-01
8.268728111395515779e-01
8.270495818000791477e-01
8.268830889627700742e-01
8.271675495073147477e-01
8.274138027939702544e-01
8.275042743079151775e-01
8.272800116939282855e-01
8.274483615989963736e-01
8.276399866899494251e-01
8.278925997215348387e-01
8.277602584400224339e-01
8.281527693584970207e-01
8.282124162333543982e-01
8.284641637029874772e-01
8.282299829808977831e-01
8.282595000452613876e-01
8.283823401789982555e-01
8.284909816992201970e-01
8.286910517384883379e-01
8.287080374453053011e-01
8.287699500274928743e-01
8.289459601662806376e-01
8.290503873724021089e-01
8.291537549952773256e-01
8.291793613532869589e-01
8.292781510300222259e-01
8.293266803629839590e-01
8.293627996469372654e-01
8.292355512996997247e-01
8.294748020311081271e-01
8.294263592096305926e-01
8.297496400352067925e-01
8.298636332349442757e-01
8.300401855159876829e-01
8.299752830068855003e-01
8.298903453350304771e-01
8.302523578888507672e-01
8.301058444991011864e-01
8.303193593618070079e-01
8.302667226493084529e-01
8.301962552240411686e-01
8.303525059138465725e-01
8.302756889829092657e-01
8.306441261111300323e-01
8.307532937486450386e-01
8.305226494862387732e-01
8.306292335251009851e-01
8.308465119887958883e-01
8.309810111215393258e-01
8.309751638663003259e-01
8.310584061528929478e-01
8.307079426181007697e-01
8.309257625298291927e-01
8.312292743697866637e-01
8.316470483563181970e-01
8.313960652832832476e-01
8.314059566541632806e-01
8.315246847605751723e-01
8.317695377910304666e-01
8.318209759816064253e-01
8.315260038060335868e-01
8.316697986557438638e-01
8.314581174827809784e-01
8.319622005197810921e-01
8.319087939767824125e-01
8.320374275036388489e-01
8.321841830500308346e-01
8.317627586866234157e-01
8.321797305616442930e-01
8.321348130169139434e-01
8.323117717324789444e-01
8.324651198994796886e-01
8.324390586880067167e-01
8.323098036447833525e-01
8.322695547294625129e-01
8.323933216144629998e-01
8.321284825996870804e-01
8.325375810339784577e-01
8.326848563733620923e-01
8.325238706763524732e-01
8.327093820049138451e-01
8.329167126921733777e-01
8.326593645096056484e-01
8.327194207677456328e-01
8.327632083800522445e-01
8.329251119500648004e-01
8.330722039087842257e-01
8.325011498261424281e-01
8.330955183893652416e-01
8.329246572634121382e-01
8.332894312794869585e-01
8.329074836981011920e-01
8.334039931464263251e-01
8.331897077855244804e-01
8.335711647543372349e-01
8.331828794463673749e-01
8.335117313128171945e-01
8.334295509601772345e-01
8.334439745283090950e-01
8.334665975534784055e-01
8.334134102233293762e-01
8.336164859209614919e-01
8.337711536849264915e-01
8.338619058304513887e-01
8.337266667706040302e-01
8.334979346877033901e-01
8.337307763160952678e-01
8.337239869091428446e-01
8.338973722746024775e-01
8.338614332691345332e-01
8.339496608614022088e-01
8.338055043070834449e-01
8.339109161930551295e-01
8.340281465856075327e-01
8.341301932093307947e-01
8.342779242562401443e-01
8.342106504406134881e-01
8.342028756317048099e-01
8.340008325452843430e-01
8.343934248130127074e-01
8.344540447803926453e-01
8.346372633507289640e-01
8.342934957458868483e-01
8.343615584552880327e-01
8.346867389697623096e-01
8.346622276710133903e-01
8.344723153999062948e-01
8.345572515071595365e-01
8.346382548683701774e-01
8.347438287720390093e-01
8.346220220551208158e-01
8.349397324856654423e-01
8.349913918366089760e-01
8.348464811181347534e-01
8.347798368297560945e-01
8.350917615240643910e-01
8.347378709554094112e-01
8.348883778523437105e-01
8.348845133639613003e-01
8.352161806523382692e-01
8.352046174421902114e-01
8.348245183167199990e-01
8.349182318824791560e-01
8.350417902243151280e-01
8.352056398601804821e-01
8.351747570134852028e-01
8.353006369260477237e-01
8.353808409011000968e-01
8.352425484854911764e-01
8.355579627025379041e-01
8.354264803812287976e-01
8.349853561473855601e-01
8.352902568570506059e-01
8.351400164096263179e-01
8.352722796288605256e-01
8.353261530658575573e-01
8.356170660247941306e-01
8.357044695635015286e-01
8.356990892318464370e-01
8.355205907987872660e-01
8.354479070752602876e-01
8.354322714588591214e-01
8.354746803986216053e-01
8.355876171666173358e-01
8.357045156020311838e-01
8.357252491238300607e-01
8.357595272959732480e-01
8.354014140506391684e-01
8.356357268585349329e-01
8.358132093330086221e-01
8.360071218200393339e-01
8.358230239527111305e-01
8.358164143683741720e-01
8.359626823828897324e-01
8.360127993381064604e-01
8.360597816279026206e-01
8.360049062930900998e-01
8.362331189201436255e-01
8.360665506967545069e-01
8.361025274782106775e-01
8.360860095710644924e-01
8.362249435953426069e-01
8.360677913967528019e-01
8.358533043430109721e-01
8.361926259350592749e-01
8.360793316439923961e-01
8.360998345872653337e-01
8.363833055276441719e-01
8.368173119200066346e-01
8.365001281714637971e-01
8.361082492783391551e-01
8.365401509221646048e-01
8.362486931260246781e-01
8.365633275775909983e-01
8.366703785794862291e-01
8.364065955826639476e-01
8.366403423604261702e-01
8.369970767168294357e-01
8.367474013743413375e-01
8.367782718921181750e-01
8.371224392364524647e-01
8.367199324506490177e-01
8.364991948822857459e-01
8.369242528078425503e-01
8.369963587552325945e-01
8.367209049743579152e-01
8.365845151781863276e-01
8.367362328882435030e-01
8.372332600806835501e-01
8.369488007972006871e-01
8.369165215054704676e-01
8.373254612985986389e-01
8.372680470341611336e-01
8.371921066261104327e-01
8.368281570686929571e-01
8.372979001727651749e-01
8.369336909047313533e-01
8.372451044401401088e-01
8.372522046816992525e-01
8.368489129372366220e-01
8.373261938278842020e-01
8.374071128720250723e-01
8.374389742245290646e-01
8.374526485168685142e-01
8.375065040799838378e-01
8.369945578267931063e-01
8.373092789403046021e-01
8.375192496994658953e-01
8.374907684545795927e-01
8.376387227272857894e-01
8.376474191990238571e-01
8.373303137321409517e-01
8.376191840888141948e-01
8.374864091011221534e-01
8.372916802459975383e-01
8.372943427552131945e-01
8.379605295555724309e-01
8.377669472148010499e-01
8.375246232159908599e-01
8.379510706800202824e-01
8.377198373115897212e-01
8.378341543675379421e-01
8.378772796480473684e-01
8.381367180102725634e-01
8.377627155133127168e-01
8.378505427868558897e-01
8.378361956651521059e-01
8.379914159019478115e-01
8.380927393631861788e-01
8.380738574989945455e-01
8.381405220825367541e-01
8.380841623954186081e-01
8.380902995194341454e-01
8.381244291043665751e-01
8.376392381435423529e-01
8.382115071583714494e-01
8.381736212816331966e-01
8.380525549452378931e-01
8.381296177782883161e-01
8.382913049020840335e-01
8.382428379540286523e-01
8.377647072281083629e-01
8.381018755756389771e-01
8.385982118330861379e-01
8.384255395992171733e-01
8.385589425769155447e-01
8.384309738070363505e-01
8.382258050973393493e-01
8.383202766659043625e-01
8.384113234623902233e-01
8.386789198884332386e-01
8.384264439765821697e-01
8.386920406616967805e-01
8.384341145297995457e-01
8.386152209035717675e-01
8.388003441810051308e-01
8.387389810678927970e-01
8.387040593049616133e-01
8.387913094265176950e-01
8.389508939183399905e-01
8.389294164494878192e-01
8.389368285840435036e-01
8.389763939149510463e-01
8.387772579823405961e-01
8.388101388360522659e-01
8.387263628872486665e-01
8.388322400254216715e-01
8.390173738450592555e-01
8.387402046321164040e-01
8.392652483523714846e-01
8.387743164514838146e-01
8.392477278037174804e-01
8.388127448333901892e-01
8.391326713991804631e-01
8.390084307739622549e-01
8.391656059852744542e-01
8.391470877510138759e-01
8.395015895864028632e-01
8.392279614822212297e-01
8.393008653021428733e-01
8.393751435655437687e-01
8.394254056001451136e-01
8.392700078938640784e-01
8.392916305057926962e-01
8.394698355632840281e-01
8.394548532753496328e-01
8.394458266925898249e-01
8.393512427179198321e-01
8.395305821988974238e-01
8.395866314247739659e-01
8.394453422732739423e-01
8.394245834627789282e-01
8.397501989133819844e-01
8.391536865662030387e-01
8.393237347923474534e-01
8.395804920799532223e-01
8.398355009859750364e-01
8.397596828303941496e-01
8.395154123772660126e-01
8.398714259895820877e-01
8.395554620039141769e-01
8.398707486196611560e-01
8.398869857391020322e-01
8.396664620747644747e-01
8.398996679464399984e-01
8.400536839283494484e-01
8.397936844247088084e-01
8.397900806275507835e-01
8.400970027279238694e-01
8.395052553133891537e-01
8.403640495081571293e-01
8.399755607486052433e-01
8.402167017912085534e-01
8.401495415024369251e-01
8.397587248257532000e-01
8.397262132149089231e-01
8.403515307144480140e-01
8.397239696248672836e-01
8.401030113230084639e-01
8.402544508971255821e-01
8.399504872818018830e-01
8.405814684059651487e-01
8.399081240483002864e-01
8.399032165832024388e-01
8.405053090979422992e-01
8.404825296352360642e-01
8.404073348559839562e-01
8.402411452035211115e-01
8.403810499274335655e-01
8.401932614807353650e-01
8.405394571342864607e-01
8.407189279031725970e-01
8.403332874318523160e-01
8.406635080939330873e-01
8.406501838660512815e-01
8.402680839819246517e-01
8.404498190366407329e-01
8.406356761429588653e-01
8.407678368980836536e-01
8.409158945718135936e-01
8.405651288250340913e-01
8.406829478234526531e-01
8.404490595590634605e-01
8.406310272238652903e-01
8.409620417275467386e-01
8.410075390873034129e-01
8.408495310448487192e-01
8.407298821005815270e-01
8.409578413575273803e-01
8.409010306786180999e-01
8.409333500284644769e-01
8.408932147784581312e-01
8.408532587389077051e-01
8.407732245087262690e-01
8.407690330842394477e-01
8.409554856869673189e-01
8.409480581067674265e-01
8.408583564026008705e-01
8.406342949306652157e-01
8.410328166795895122e-01
8.408243768791555661e-01
8.409724020157403057e-01
8.409273933152631164e-01
8.413390365953079542e-01
8.412023637480561256e-01
8.411555427360749571e-01
8.414184409339944271e-01
8.405604155231212182e-01
8.413082184090022730e-01
8.412864288371260102e-01
8.412801191122896149e-01
8.414636064310445640e-01
8.414631982750512273e-01
8.416337194465552951e-01
8.414682797916558377e-01
8.412171953955048798e-01
8.412223808837082650e-01
8.414000063307138788e-01
8.417628975203622632e-01
8.413191347829218625e-01
8.415482726581109407e-01
8.415773294373515290e-01
8.414978283357666955e-01
8.413644099982202640e-01
8.417682589597681453e-01
8.417731826184023936e-01
8.416340219761502262e-01
8.416522454332421299e-01
8.417968358600211864e-01
8.415811833264931208e-01
8.417816060043330495e-01
8.417663702492146349e-01
8.420409567750859470e-01
8.421021562640648161e-01
8.418933866400687416e-01
8.421609823962765695e-01
8.419678825833930569e-01
8.418670942550821046e-01
8.418871747182854470e-01
8.420547176283997848e-01
8.420409020141269574e-01
8.419807590570353995e-01
8.419723612459717454e-01
8.418124966606816972e-01
8.418758837924406047e-01
8.419243129773970047e-01
8.421246386844125631e-01
8.422164633418592894e-01
8.420936358507624675e-01
8.421358267268010955e-01
8.421373001404645064e-01
8.419954082233415127e-01
8.421891870978496231e-01
8.419420929786680663e-01
8.422580762289703094e-01
8.422418336501369396e-01
8.424276215918530264e-01
8.423411057220301368e-01
8.424579031080056124e-01
8.423090696281628764e-01
8.423500171366168354e-01
8.421850429468389354e-01
8.422984360074834420e-01
8.422777894891291250e-01
8.422732477422441022e-01
8.423970629063274318e-01
8.426744358567256343e-01
8.424286304955823645e-01
8.424986165828670659e-01
8.422535517037071928e-01
8.424974354440279978e-01
8.426290183734410633e-01
8.429604226437863446e-01
8.426534362677288170e-01
8.426090667310680571e-01
8.426764976994751688e-01
8.424738874259011245e-01
8.425015847154100346e-01
8.429945482618214081e-01
8.427934566557216955e-01
8.425916152696604211e-01
8.429780791974694765e-01
8.429607276066836130e-01
8.428393728082371750e-01
8.427379769692002753e-01
8.426431482605558632e-01
8.428269381780353342e-01
8.427732667127665334e-01
8.429403414623251045e-01
8.426059335174058695e-01
8.429099407975407798e-01
8.426604612210676359e-01
8.430747346464004810e-01
8.429110900133646167e-01
8.429459573104459702e-01
8.430283901403126112e-01
8.430254886592368768e-01
8.430901947402708041e-01
8.431414843707918383e-01
8.431884433533333167e-01
8.431700545711869887e-01
8.432776514379684007e-01
8.432685675957815041e-01
8.433588341174177438e-01
8.430893892136308576e-01
8.429610717133493303e-01
8.430703381431977617e-01
8.432055394309058149e-01
8.427901485927942193e-01
8.430762563563868328e-01
8.428773901436533711e-01
8.433933160858779754e-01
8.431132989006560052e-01
8.433811639906371171e-01
8.431950382054692605e-01
8.432077140477546306e-01
8.429968559804812411e-01
8.432762601796202073e-01
8.435948825501213832e-01
8.433889651599633108e-01
8.433321856594088173e-01
8.432322750097688280e-01
8.435211820475959632e-01
8.432289048350972704e-01
8.430884405146908955e-01
8.432095440714713064e-01
8.432231221683391675e-01
8.434536187947444530e-01
8.435438443849502255e-01
8.434128418666059224e-01
8.436200032724540110e-01
8.434136071341693519e-01
8.435066677292534232e-01
8.433729970701157042e-01
8.438271156012490115e-01
8.431889336870180829e-01
8.436629895898742904e-01
8.439383513156115679e-01
8.437909080384782268e-01
8.432583720256500159e-01
8.436312870963798005e-01
8.437788142307707240e-01
8.438684836738394868e-01
8.434027259049963199e-01
8.438317313804436504e-01
8.433384363042661924e-01
8.436558106076755825e-01
8.437564538083321963e-01
8.435938373047616734e-01
8.433428498948852825e-01
8.435281866492329028e-01
8.438804986322853141e-01
8.438095774848124453e-01
8.437093071395016519e-01
8.437922464270350975e-01
8.440289324633662993e-01
8.439270443388586784e-01
8.439592971745852878e-01
8.434746075251884356e-01
8.439059358876813688e-01
8.440074529176360141e-01
8.437661402280859368e-01
8.438802704324483983e-01
8.441231197931525765e-01
8.440670573734302407e-01
8.440202155973889342e-01
8.441648351241927140e-01
8.438214050405808964e-01
8.440484347821107791e-01
8.441500414351392756e-01
8.439895797798233623e-01
8.439012442479306708e-01
8.441081767071371145e-01
8.440825012494539425e-01
8.439936317105167785e-01
8.438655441586885297e-01
8.440201268966970316e-01
8.441811218737276246e-01
8.440758977267553975e-01
8.440197476645989738e-01
8.442419259034931178e-01
8.440946421205851591e-01
8.441509983177870602e-01
8.442262136313058996e-01
8.443212161197976018e-01
8.444276140395939878e-01
8.445246468062360679e-01
8.443918993182580879e-01
8.441538170559540477e-01
8.444843743524277357e-01
8.441761365617134194e-01
8.440099259841312707e-01
8.447410652021130062e-01
8.445347053653494696e-01
8.444800302402087899e-01
8.443641971176149008e-01
8.445288221058285805e-01
8.443756874465628837e-01
8.443392752308815918e-01
8.440312710849438016e-01
8.444193643533556282e-01
8.446039626976699077e-01
8.440964950661279387e-01
8.442536743517401465e-01
8.444621212620736506e-01
8.443090999374546213e-01
8.445115477055671338e-01
8.448935159970187847e-01
8.443229678765874491e-01
8.446658654783134601e-01
8.445033897383886767e-01
8.445717205072819089e-01
8.449016881110879007e-01
8.449760321918051709e-01
8.445854616852478403e-01
8.448471425121658607e-01
8.445385418012771872e-01
8.446810180469259688e-01
8.450376773895460492e-01
8.448472705281883099e-01
8.450522639090517485e-01
8.447004990494575427e-01
8.448020635673013645e-01
8.445048182411526438e-01
8.448623166665371054e-01
8.447522392402658786e-01
8.447152492622126418e-01
8.447784280911895261e-01
8.446475045401758974e-01
8.447869158409337942e-01
8.450521240597477224e-01
8.446629514603629652e-01
8.449592508686618597e-01
8.449739811422657398e-01
8.449521655685356958e-01
8.447061042144418108e-01
8.450971780037020986e-01
8.447976462170743162e-01
8.446001573201101786e-01
8.451163931885384839e-01
8.449257145852401285e-01
8.449251103959577458e-01
8.448728447670696973e-01
8.447876375930738480e-01
8.450620578135866756e-01
8.450191965665383442e-01
8.452258327460890897e-01
8.451681972937905574e-01
8.448372410679457767e-01
8.450913140008403657e-01
8.448919360417452840e-01
8.453437258458716963e-01
8.451331562943101838e-01
8.450805878231697488e-01
8.451438503795967172e-01
8.450167599201527935e-01
8.450646698972702486e-01
8.449660882607750167e-01
8.449272825651662489e-01
8.453264953141412796e-01
8.451843771716445186e-01
8.452252482892550489e-01
8.453883405481924518e-01
8.448953751218826191e-01
8.451169281133651401e-01
8.452034216650385900e-01
8.451273758484131315e-01
8.454693064851133144e-01
8.451040112364449630e-01
8.454345860504904886e-01
8.450296932207085332e-01
8.451963812847356206e-01
8.454509283604160208e-01
8.453778284899573503e-01
8.455161509187490987e-01
8.455129224090900397e-01
8.454189564783413102e-01
8.452172736482137516e-01
8.456336456155506554e-01
8.451867695877816056e-01
8.455380242441641325e-01
8.455929651072988662e-01
8.453598930821872859e-01
8.452250873402374909e-01
8.454297320249710701e-01
8.458236560023685291e-01
8.458344251719895901e-01
8.454055521191558009e-01
8.452986520165266526e-01
8.457834784142397311e-01
8.455172657247914669e-01
8.454510080628895308e-01
8.456035505330306012e-01
8.455871037396790468e-01
8.454545123618546487e-01
8.455048801284646975e-01
8.457409148699396306e-01
8.459909391760916941e-01
8.460369797574335271e-01
8.457805290627314898e-01
8.452123451212523175e-01
8.461826294989659436e-01
8.450880079048648241e-01
8.453910901769130515e-01
8.460629971938287142e-01
8.460012220626949020e-01
8.458611423935138429e-01
8.455954943573997795e-01
8.456436301612315631e-01
8.457664775921499567e-01
8.458673588588876413e-01
8.459206284800921960e-01
8.458354011591014965e-01
8.457538663573633819e-01
8.452832254150032254e-01
8.460099012467940938e-01
8.459116789877154652e-01
8.461446185006570309e-01
8.463975337029401302e-01
8.457476841011005719e-01
8.456958595346558694e-01
8.457913228310739440e-01
