-2.162699187258994584e+02
-3.632825375497188247e+01
-1.243376956969914104e+01
-9.327333453196702706e+00
-8.179233674284059674e+00
-5.785413656609575739e+00
-7.360971596090005953e+00
-4.826271290347920129e+00
-4.665132425560080343e+00
-3.989208939747103777e+00
-3.892581441642773754e+00
-4.433348354686520665e+00
-3.830995952241953439e+00
-4.417625689990890336e+00
-2.693640253418257302e+00
-3.488873253679147801e+00
-2.731873368314708284e+00
-3.843201440935319457e+00
-2.930683899537035231e+00
-2.426833978290079408e+00
-2.636910869640718413e+00
-4.059847403204537741e+00
-2.580715862649720194e+00
-2.533971030712072192e+00
-2.296762896578127933e+00
-2.438351449443418417e+00
-1.845602360945328702e+00
-1.975288177475621909e+00
-2.092578303313028520e+00
-2.271006310788211469e+00
-2.129449737444137014e+00
-2.312014446312674831e+00
-1.991021206580144032e+00
-2.030121795608787583e+00
-1.937590003788357551e+00
-1.844306447856079112e+00
-1.821176139558076112e+00
-1.715492673414488412e+00
-1.808233382616259988e+00
-1.428736922792714470e+00
-1.375782976643213473e+00
-2.061927186479902030e+00
-1.594706428818675414e+00
-1.463755536341184271e+00
-2.341415178011658327e+00
-1.753694019887910960e+00
-1.878481131598912945e+00
-1.525661415261534204e+00
-1.584442879766312373e+00
-1.515347876879111988e+00
-1.445587043330259558e+00
-1.361678851630499842e+00
-1.333139021271377844e+00
-1.631480687628037218e+00
-2.142321437454192345e+00
-1.739165183791937519e+00
-1.176440104567387790e+00
-1.027424819043391002e+00
-1.273045649549402913e+00
-1.099437036519881783e+00
-1.149555350958909816e+00
-1.184532486333958357e+00
-1.060529116678832207e+00
-1.302089233255093070e+00
-1.435334118887415578e+00
-9.849392821494069583e-01
-1.074952133705929125e+00
-1.665217085815454912e+00
-1.235061717651501079e+00
-9.262285110276168298e-01
-1.017311941504706496e+00
-6.869147420854710973e-01
-1.925071847631965705e+00
-9.423898296844015476e-01
-9.490395562614362124e-01
-7.233810113237586492e-01
-8.476086047725976957e-01
-9.095544107017570212e-01
-7.590345578511323854e-01
-9.346630120174871381e-01
-8.919199145921676841e-01
-9.225170224144617626e-01
-9.449954784515610662e-01
-8.449733341061866909e-01
-1.202840755235522252e+00
-1.108876597973520228e+00
-7.145364571438497236e-01
-8.272880423115029913e-01
-8.521431301313816542e-01
-6.608070077283449972e-01
-8.851467282676529491e-01
-8.492973611391836375e-01
-8.067714987445054886e-01
-9.608703878885241911e-01
-9.977627393259427269e-01
-5.898031881554013367e-01
-8.343495653682773128e-01
-1.163470546281783813e+00
-7.029156972368758582e-01
-4.449720674274280086e-01
-7.302559769788967703e-01
-9.420309452896177271e-01
-6.960415660011156636e-01
-7.809233204668319939e-01
-5.979579090200070057e-01
-4.629999860863954764e-01
-5.583981673397799828e-01
-6.012616281936945528e-01
-5.282969696118359204e-01
-5.897983465478739973e-01
-4.732258809446248660e-01
-6.179906580318310638e-01
-4.761323558458365746e-01
-7.126971952618700312e-01
-6.361421097296124927e-01
-5.828306421913140856e-01
-5.611764860248281694e-01
-5.712536796684593021e-01
-7.043071805489663495e-01
-7.590076606574405194e-01
-6.546927367294979039e-01
-4.712140240900169474e-01
-5.617973002037301988e-01
-4.048586245358333224e-01
-6.148571345189461912e-01
-3.495728900920456739e-01
-1.953844452527352948e-01
-5.430167440290830649e-01
-4.195198131560888832e-01
-3.358795168664678865e-01
-7.756976482111507254e-01
-5.224376757872837285e-01
-4.106220154116309584e-01
-5.078237630605648700e-01
-8.682072700716803038e-01
-3.499618277007444656e-01
-2.989634647488364494e-01
-2.643309061284740968e-01
-4.955998256867851226e-01
-3.179823118895430678e-01
-5.498599607162636405e-01
-1.352461302364054430e-01
-5.164093721442153395e-01
-4.172704572189120942e-01
-4.043001485719152632e-01
-2.559839066846744116e-01
-6.205084680915559092e-01
-6.762660224855026048e-01
-6.948525172205346490e-01
-2.980637661485697198e-01
-3.237862537328958235e-01
-5.081181953543796315e-01
-2.082615507064562443e-01
-3.230286286089733006e-01
-4.174010708248384605e-01
-5.123419954041098512e-01
-2.612759444093458172e-01
-4.589527131519715586e-01
-5.688387291522358780e-01
-1.916257959146605572e-01
-2.305443036381212008e-01
-6.090130950108060270e-01
-2.280376267588067329e-01
-2.056182331816410191e-01
-3.415688678526950239e-01
-4.848578917398772836e-02
-2.370300101662640158e-01
-8.906756564107523588e-02
-3.154700395431999649e-01
-2.422664759568358694e-01
-2.404800214311094142e-01
-1.951617226931136873e-01
-2.455003063591387757e-01
-4.245421646920343739e-01
-6.804546788295474657e-01
-3.654446997453817403e-01
-2.419150673120956663e-01
-5.387099440170186604e-01
-1.500119809905691159e-01
-1.617845375288860799e-01
-4.279589296921944563e-01
-5.382633106135112921e-01
-3.517135323044665585e-01
-2.225858461680399192e-01
-1.086192946812070126e-01
-2.043568178426140858e-01
-2.004158290702134360e-01
-2.948472862390620897e-01
-3.192613202007327233e-01
-4.141450549689678629e-01
-1.414928589661772484e-01
-4.069090806819236628e-01
-1.497121048505186403e-01
-5.417300656040933138e-01
-9.560746472097125803e-02
-2.783235810133422028e-01
-3.006494378448064664e-01
-2.399735089800435206e-01
-1.812198594061106283e-01
-2.983946330870873576e-01
-3.026384502675870669e-01
-3.731629014745041495e-01
-2.424244682547541940e-01
-4.775351731593474591e-02
-2.670086495456501785e-01
-1.179166305767973266e-01
-2.467654377835572510e-01
-1.258219028552729490e-01
-2.180075139918686566e-01
-2.773080398658082646e-01
-2.170965319897645296e-01
-2.206329479187014164e-01
-1.096037066351860517e-01
-1.777624649589890637e-01
-1.072717464946573024e-01
-1.770055902084250454e-01
-1.748242551600483474e-01
-2.046133740837225434e-01
-2.721285536395912086e-01
-3.804443808991306297e-01
-3.598341450456163382e-01
-4.671585341802936830e-01
-3.987250659893976645e-01
-4.210758746147869047e-01
-2.661094773128195867e-01
-3.549772277928809894e-01
-1.613734263513907918e-01
-5.046433020447306239e-01
-2.418961832179457316e-01
-2.969530199764521816e-01
-2.742716351431304100e-01
-2.400852576049471998e-01
-2.849318848416675931e-01
-2.235753981287451342e-01
-1.439007793792229650e-01
-2.284202149620753464e-01
-2.307209934437373100e-01
-2.227968625186461937e-01
-5.311653408036538793e-02
-1.536773255634580893e-01
-2.190058369733105526e-02
-5.087637009913489328e-01
-2.255715687384597379e-01
-8.572187478793337478e-02
-3.139277016671631060e-01
-1.171135627389986583e-01
-2.699328505381289878e-01
-2.443904310806226943e-01
-6.123501776049822265e-01
-1.588710025044640650e-01
-5.087199170140955795e-01
-2.539489213072537721e-01
-4.293102422442490740e-01
-3.306533132728061153e-01
-2.835847461147089077e-01
-1.307880265700591682e-01
-3.208046779469938548e-01
-2.307054457407942127e-02
-1.045764846088040184e-01
-2.769484160887487056e-01
-4.225681072048487197e-01
-1.798947689559409202e-01
-3.664649933976328877e-01
-1.336015994647510030e-01
-1.561856213367664170e-01
-2.744487702370930204e-01
-1.746907021390337322e-01
-7.612632157651817721e-02
-1.621304426274500221e-01
-1.524657557666231344e-01
-3.740161654713053951e-01
-4.281020803715105405e-01
-4.623742152213190792e-02
-1.797644168430283518e-01
-1.339000386573948043e-01
-1.067305701264044948e-01
-2.147889185791139743e-01
-2.381561982439018288e-01
-6.278779760164304724e-02
-4.373077004356860087e-01
-3.659634901714774458e-01
-2.095856181498879645e-01
-3.297331361688948248e-01
-1.247913301754551840e-01
-3.444604583780883633e-01
-5.953081899939051402e-02
-2.232003117744484344e-01
-2.572547215474553228e-01
-1.646699260983477409e-01
-2.496161898522007427e-01
-6.360251205909046857e-02
-2.447657006227128007e-01
-2.074126269584136983e-01
-4.557522247763856615e-01
-2.421174701022187625e-01
-8.551444448328587855e-02
-1.685240096784539621e-01
-1.988900051655748680e-01
-3.103380227656212242e-01
-2.571970718211633589e-01
-5.639527165242625983e-01
-6.906546345506894280e-01
-4.989214944887924164e-01
-5.241358827505517848e-01
-2.628191070867149648e-01
-2.727361279288423312e-01
-2.511911209700301573e-01
-4.902843758424349496e-01
-4.071682986367701762e-01
-4.301513045191687201e-01
-3.104151765064216972e-01
-4.189114621151224238e-01
-5.917104062451436497e-02
-1.259133665153420178e-01
-1.003840007507242477e-01
-1.950731247164987914e-01
-1.987900352135555104e-01
-1.927382472675896186e-01
-2.009110022488668768e-01
-1.510668733748984915e-01
-2.058295990772813777e-01
-5.071943975388960579e-01
-3.062337297060891972e-01
-1.373682760322745833e-01
-1.855821874649145053e-01
-1.772336255453955123e-01
-7.541866897162723127e-02
-3.504431664304318850e-01
-3.309184402196688191e-01
-3.362573957531691526e-01
-2.488822781502836867e-01
-7.308802765693685199e-02
-2.117336595308819680e-01
-1.817636039049544405e-01
-4.789448193924408792e-01
-2.389193897927492649e-01
-1.788227740870217963e-01
-2.469713302759480866e-01
-2.945097975609321517e-01
-2.217420950750914055e-01
-8.097995465073964949e-02
-5.114877221696944032e-01
-9.410962559408467265e-02
-8.468931823478774434e-02
-1.437593675223819423e-01
-2.584171224489265617e-01
-2.543077679243638811e-01
-3.479712885421887836e-01
-3.008367422542654324e-01
-5.389035766747681810e-01
-2.026383254220252284e-01
-1.676426333368460087e-01
-1.903702312012746645e-01
-3.723974779224317744e-01
-3.390212905597956849e-01
-2.630944532505075650e-01
-1.093848815555049092e-01
-1.936570307657194401e-01
-1.432028696993674632e-01
-3.827355320475971379e-01
-2.856408589290510003e-01
-4.135425321265906451e-01
-2.217063249398105174e-01
-3.099841099495559416e-01
-2.062303212440189659e-01
-3.598832267920475947e-01
-1.200532026276153186e-01
-2.425144230125509670e-01
-3.438389944288920419e-01
-2.334503597619755899e-01
-3.332641338716825219e-01
-3.052063782850039653e-01
-2.473610750942057124e-01
-2.921052139762135846e-01
-2.409830294466184797e-01
-1.548514551430946184e-01
-1.377221807293335654e-01
-2.131967762321296811e-01
-1.433663256316344836e-01
-2.838921526935561102e-01
-3.929402743688517052e-01
-1.906504463835148599e-01
-2.080718756924838375e-01
-2.195029044140780483e-01
-3.491648984678857315e-01
-2.613879333357373991e-01
-1.372478163552524055e-01
-3.695838863519306239e-01
-3.446571457007164829e-01
-2.063466688660077208e-01
-3.052861701273066330e-01
-3.344367058992908648e-01
-2.211763234798277133e-01
-4.327810181435216563e-01
-2.574289892532306556e-01
-2.300705591390599936e-01
-4.250697458019553343e-01
-1.092443446093503828e-01
-4.192928194066515291e-01
-4.967088501568331926e-01
-1.829736659673573129e-01
-4.613336763515649697e-01
-4.742480378914565309e-02
-2.859973903683390439e-01
-2.149128540426796796e-01
-2.851491039010645157e-01
-2.191017187147840939e-01
-2.875709550155457483e-01
-2.097382162424889229e-01
-5.137215264747285737e-01
-1.760738165728426285e-01
-2.571436783707448104e-01
-2.175419080584634623e-01
-2.372593582522029010e-01
-3.829804022383307416e-01
-9.774890436050205633e-02
-1.895434219999975189e-01
-1.757712625431286924e-01
-2.598151016908632482e-01
-2.221467661719890019e-01
-1.778788575909756031e-01
-2.789955057743555011e-01
-3.968717326447844806e-01
-3.517962132748858606e-01
-7.958733300487576268e-02
-8.136130760151263908e-02
-1.237153892144232936e-01
-2.463135289211251799e-01
-4.735889322682541869e-02
-3.254795914863095052e-01
-1.967729250813227970e-01
-3.571203444507071723e-01
-7.342160696473658543e-01
-4.168949154606083063e-01
-3.556826469204970587e-01
-7.350260895203433731e-02
-2.204443068312090803e-01
-1.580016939596379788e-01
-3.612200076658375614e-01
-2.004777763726335593e-01
-3.062743809640577908e-01
-8.998647256357295010e-02
-4.494249750802208065e-02
-1.039282093733979867e-01
-5.260986023221870811e-01
-1.202984388467129989e-01
-6.403566002282238268e-01
-6.046400091658660214e-01
-8.909530878056469427e-02
-6.749375029843455165e-01
-2.192962884300407866e-01
-8.484017221803108466e-02
-2.176238436753419603e-01
-7.217006571246181723e-02
-3.780726180815582871e-01
-3.256020554526432020e-01
-3.559885183275801612e-01
-2.602333744604107268e-01
-1.832049648533793929e-01
-3.209896025887785664e-01
-1.002969142770704369e-01
-1.253600100246241578e-01
-1.941335483176406806e-01
-4.150477802583784070e-01
-1.349927598340805723e-01
-2.215819491309332090e-01
-4.736889575620244208e-02
-8.983369908422221550e-02
-8.588045157326240631e-02
-2.046964408748459530e-01
-3.386651648070147513e-01
-2.094137078527726070e-01
-3.019947537553781536e-01
-1.640871781507013127e-01
-1.321787846750804296e-01
-2.984197469665909597e-01
-2.473626395723302340e-01
-1.719969049576126618e-01
6.709106932103484078e-03
-2.278377486519700956e-01
-1.585726157706637274e-01
-2.569374316384709367e-01
-7.896213534766352016e-01
-5.410661223282248189e-01
-1.499183014573616246e-01
-2.596449033275798346e-01
-1.498420987438700558e-01
-2.213718347596313751e-01
-3.109963032797874449e-01
-1.737590996091147866e-01
-1.355164151341251844e-01
-2.878948991554834969e-01
-5.574857111591151604e-01
-2.048393930596730528e-01
-3.141588278220559527e-01
-6.141142113907175348e-01
-2.841574640253308193e-01
-2.567559833965105121e-01
-2.497321755188614267e-01
-2.092292524259216080e-01
-2.987256104353602781e-01
-1.790415655207673873e-01
-7.731460072085465096e-02
-2.435191655358907303e-01
-2.022549306015933024e-01
-3.115413199140043554e-01
-2.403925244938068251e-01
-1.917672012375763180e-01
-9.196765711628078488e-02
-3.116446428807118085e-01
-7.420249075778442283e-01
-2.924812568493593279e-01
-2.606982561240075991e-01
-2.472837996018863171e-01
-3.509312228737004880e-01
-6.435280387261421708e-01
-1.955212583279253291e-01
-3.613377474362009512e-01
-1.956926601989982806e-01
-1.808845922180353505e-01
-2.662350169168379299e-01
-2.736769378733862612e-01
-4.102598837959233746e-01
-5.124438092354679508e-01
-1.918136474958111737e-01
-2.649719712016481710e-01
-4.239137067788806834e-01
-1.211384741889316718e-01
-1.704997504640290151e-01
-1.138679057955063606e-01
-1.640250892538464011e-01
-3.983118857331847673e-01
-3.062628987558401183e-01
-2.401359747787115417e-01
-1.345586171396595532e-01
-2.469127114727422412e-01
-1.104043219905500028e-01
-1.724728481533446822e-01
-1.407415222630004348e-01
-1.712938053401213689e-01
-1.800515172547450526e-01
-3.296816468136130607e-01
-2.213369747564254419e-01
-8.528503047481714172e-02
-5.510167001362975547e-01
-5.420575895408570322e-01
-1.518588319826504607e-01
-1.375128301987208479e-01
-1.229213732807039189e-01
-2.917671013240722422e-01
-4.905580700354500445e-01
-3.010011079765654851e-01
-9.000893551402636139e-02
-4.082738732210496879e-01
-1.526763941341131581e-01
-2.741162744347112046e-01
-1.228842238073163812e-01
-3.309228176518295150e-01
-2.375271257523496327e-01
-4.264998909679362238e-01
-6.286234820976845106e-02
-4.786656523221882731e-01
-4.032464318938862036e-01
-2.089339709926234800e-01
-1.495172882334984688e-01
-2.620624221645856955e-01
-4.068112347382482064e-01
-8.062580315900470807e-02
-4.999456754780181589e-01
-5.242788222949711363e-01
-3.044135271002308407e-01
-5.871780506027868274e-01
-1.779175120578255220e-01
-3.685589608833277353e-01
-2.248441285025254421e-01
-3.082242208894350188e-01
-1.792983606161544508e-01
-4.452404560690394197e-02
-1.450666558514586146e-01
-3.062488632202207683e-01
-7.811751082107160071e-02
-1.931523262218113879e-01
-5.093989028074198400e-01
-1.323740849526922614e-01
-1.325614189187249159e-01
-2.189374554177877519e-01
-3.726101850395651671e-01
-1.656666779835958003e-01
-1.991872720087046189e-01
-2.731300980141792567e-01
-4.234444040889305816e-01
-2.150051363161949447e-01
-2.149569893909972773e-01
-4.024676385023220337e-01
-3.323501298120289937e-01
-2.253349398680597471e-01
-4.716276217219879108e-01
-1.189996457413768916e-01
-4.125854515533059486e-01
-4.370048501007155473e-01
-2.023502077563752444e-01
-2.174472829863930146e-01
-1.946840351619734399e-01
-2.889458179055669484e-01
-8.537803184367333265e-02
-1.382135762306810900e-01
-1.304072151005082891e-01
-1.864539047746492373e-01
-4.773394479773267474e-01
-1.693928094032386977e-01
-1.046119417266597879e-01
-2.454594122837924497e-01
-1.707942482493007286e-01
-1.912539683934486867e-01
-4.682613993340395409e-01
-1.539293731686676436e-01
-2.398350389059384080e-01
-2.499486164342210048e-01
-2.045115690728231961e-01
-2.288799494130046575e-01
-2.946175050236037318e-01
-1.606280215993542426e-01
-2.035346592517453534e-01
-2.824019998889317207e-01
-1.678501201746175897e-01
-5.602504876381255716e-01
-2.053590517193836507e-01
-2.400789518532912281e-01
-2.357209749731840609e-01
-2.634833401626819338e-01
-9.624709948757749489e-02
-5.109929078143804482e-01
-4.648552845508088227e-01
-2.048870705666618330e-01
-1.026906790219003635e-01
-1.813254479454282087e-01
-4.717564704028213152e-01
-3.174805779474520473e-01
-2.844481428455312710e-01
-8.109178399490458988e-02
-1.460946391013522305e-01
-9.432408152309648686e-02
-1.020037138143964350e-01
-3.163869708547836224e-01
-1.969681605423996840e-01
-2.857690105941521619e-01
-2.418786447431395537e-01
-1.910835209017682501e-01
-3.097766316934031927e-01
-1.908221049535731850e-01
-4.162096254123751060e-01
-4.484399269906932384e-01
-6.827897417017108062e-01
-9.491144522205473555e-01
-1.184788271141050953e-01
-3.036065703369766888e-01
-1.104004654626914023e-01
-4.519736274020785816e-01
-1.485424112495108973e-01
-2.792518530855132575e-01
-8.432317732685520872e-02
-2.639249173885729327e-01
-2.219663972875995650e-01
-7.425555924364131422e-02
-3.844379844991794859e-01
-1.641060274555964371e-01
-3.296344000365466487e-01
-3.796531208020899051e-01
-1.489433035499588831e-01
-3.653331890518561331e-01
-4.396325548675322770e-01
-2.274891231136249581e-01
-2.962140509844921055e-01
-2.641099148962770538e-01
-3.799035574788913738e-01
-1.732251282839439854e-01
-1.859292304506930393e-01
-3.527027754241742752e-01
-4.098282258780174270e-01
-8.784885563991329249e-01
-1.376641037339885743e-01
-5.279275827534386512e-01
-1.717098683394966407e-01
-3.995336419193341038e-01
-1.919316991486973989e-01
-2.700260454990646708e-01
-1.390233901425454444e-01
-4.577808661569312543e-01
-1.206976766958174074e-01
-1.198898376055474030e-01
-2.763338041889276675e-01
-1.591322404432963245e-01
-9.513778066554558210e-02
-1.521965280406875065e-01
-6.332943840269411595e-02
-1.946523418168086828e-01
-1.864090483215443683e-01
-3.670423123430480716e-01
-2.493842164739196177e-01
-1.914992864947918094e-01
