-3.720395698805608475e+01
-8.361746839539105913e-01
-1.404728941839865873e-02
1.669589671096326777e-01
3.353648150802538974e-01
4.757014536732106502e-01
4.868390927810433699e-01
4.663233179501065084e-01
4.884136892611767866e-01
5.179693135522720482e-01
5.751922756730625252e-01
6.113278707832467962e-01
6.507708987571177994e-01
6.422405212299933108e-01
4.371665133882665089e-01
6.286364691756904932e-01
6.644762012594236378e-01
6.589675560308798641e-01
6.720839829097945417e-01
6.249645030616869379e-01
6.843687721636886323e-01
6.842568595333731185e-01
6.852220719887297529e-01
6.752320447294247741e-01
6.933641244463740749e-01
6.196345798953845074e-01
6.629080328183228898e-01
5.237674132286073148e-01
7.000138487997853431e-01
7.044383705107822857e-01
6.938375028546842627e-01
6.774843907436328694e-01
6.348104185374626729e-01
5.958448128762487972e-01
6.886780335280976439e-01
6.912819787981027142e-01
7.164085438737660683e-01
7.046436681883736508e-01
7.220277814007742823e-01
7.198524329428575008e-01
7.244480636107611948e-01
7.340031371610735711e-01
7.379809745227655648e-01
7.075711543189299180e-01
6.748374707111659543e-01
7.108706528051166318e-01
7.539929928223005895e-01
7.409800411115694541e-01
7.416895461196275630e-01
7.045562958112875362e-01
6.774706959290339725e-01
6.996321647840564317e-01
7.429315519331214368e-01
7.455900593301194590e-01
7.654229626121316077e-01
7.259396618860083361e-01
7.545230296154096239e-01
7.401463764112632404e-01
7.280400181428033912e-01
7.523095495021024925e-01
6.879653280303353879e-01
7.662465289904023535e-01
7.766602171201378857e-01
7.697368570368472440e-01
7.733350522983266639e-01
7.082930800586716424e-01
7.579715039477826766e-01
7.162790024684965173e-01
7.623438476161160660e-01
7.216853188823316723e-01
7.108067918803819829e-01
7.779003533453685559e-01
7.535424023992818299e-01
7.385718859294367888e-01
7.462408587035268548e-01
7.841183505104263318e-01
7.950006867234004071e-01
7.814297386471577012e-01
7.717689283444020276e-01
7.764592459843194794e-01
7.766628108013228227e-01
6.540432576927683872e-01
7.874722669159884836e-01
7.725684378208117487e-01
7.886500767795078248e-01
7.707513697177622580e-01
7.607307984753901575e-01
7.610230267690075712e-01
7.783568733679515628e-01
7.885751779554933671e-01
7.206074929205471546e-01
8.052038411665775053e-01
7.875771460878191466e-01
7.334904901447016901e-01
7.723326848875381456e-01
7.985708201049539490e-01
7.862397190987243656e-01
8.040982735651939217e-01
8.006288454616944383e-01
8.044657556553492794e-01
