-8.943851023125695576e+01
-4.748412400282540635e-01
-4.700104245120161756e-02
4.605356743814579823e-01
5.479137376105048807e-01
6.305275769033305000e-01
6.026186146863603543e-01
6.439653486518309711e-01
6.557521639932823998e-01
6.964518346710966146e-01
6.331422206746672998e-01
7.029901121562736055e-01
7.141860449714434456e-01
7.217727962579120193e-01
7.185187209529740882e-01
7.299306007524540840e-01
7.342210259803063632e-01
7.388598054910620050e-01
7.436084930778567026e-01
7.056380894827697370e-01
7.166362681002201862e-01
7.495302681057042227e-01
7.577736474358237606e-01
7.272733856059042656e-01
7.573252070539057135e-01
7.589846229894042784e-01
7.520550584009763062e-01
7.611421069386296034e-01
7.513509708984463797e-01
7.638060382743632193e-01
7.582862441136395404e-01
7.631799557432469294e-01
7.563484749565800858e-01
7.646933658389258870e-01
7.679868612675259110e-01
7.557467018418805305e-01
7.637317971432884267e-01
7.645609416121982305e-01
7.691054517706444882e-01
7.736438420154190254e-01
7.751565358368748271e-01
7.727727392628873648e-01
7.735167322917736454e-01
7.641458104025816711e-01
7.760707820577978922e-01
7.801629181061251472e-01
7.736768563775715535e-01
7.529163933915755669e-01
7.765864317484316715e-01
7.801463433592634722e-01
7.818004865032577300e-01
7.786150325772254188e-01
7.855691024251871823e-01
7.834720478263227372e-01
7.784539448993208488e-01
7.729482606015380952e-01
7.736020947253088309e-01
7.809159626920548769e-01
7.855345684569432496e-01
7.838984350388069622e-01
7.875981606345084929e-01
7.883181856546309652e-01
7.846816616386703691e-01
7.891102230745341561e-01
7.908963945282850849e-01
7.896986286608127514e-01
7.874871393365944217e-01
7.896830853914297288e-01
7.901186164809306245e-01
7.912460794494136085e-01
7.910737866863534196e-01
7.916274200577048115e-01
7.895914703561015546e-01
7.939950967247867419e-01
7.947568994669308440e-01
7.960493136301627359e-01
7.952615766132191677e-01
7.914252672008813549e-01
7.961542822668700170e-01
7.962269350364739040e-01
7.888993150519474362e-01
7.953358446612318611e-01
7.916229914582263438e-01
7.944223033327654226e-01
7.972578876965913386e-01
7.983045260477853455e-01
7.983520992740398281e-01
7.961604925563409152e-01
7.979251618920470968e-01
7.993086007149837746e-01
8.033086250061211020e-01
8.024869608580584845e-01
8.034821452537965758e-01
7.971142128620229972e-01
8.018045060631397991e-01
8.015539591419136300e-01
8.016278355303397829e-01
8.045897639879372454e-01
7.952321322066588927e-01
8.025629616189071669e-01
7.983814680204803782e-01
8.064802711812740776e-01
8.049344408878088553e-01
8.039992690783633877e-01
8.052844336996621832e-01
8.073057014224038763e-01
8.080635117516009602e-01
8.083413155829128893e-01
8.110614743989664754e-01
8.065090210882015498e-01
8.083499991010081320e-01
8.064021370007099510e-01
8.068617683866776691e-01
8.095611934860460490e-01
8.095679731626637121e-01
8.103703412484057900e-01
8.074408984015146729e-01
8.120088011955559626e-01
8.100972283943472796e-01
8.135636880130329152e-01
8.127356631121934738e-01
8.121347933228720839e-01
8.118788753734647035e-01
8.154982633774954248e-01
8.142384042914377895e-01
8.133503562721672298e-01
8.137329127318598809e-01
8.110613248701937783e-01
8.099147755780239377e-01
8.170797785132614122e-01
8.171461978058676134e-01
8.098425166586895596e-01
8.156787610862981097e-01
8.164875344851640904e-01
8.175194683903150850e-01
8.194333196488486903e-01
8.165012896416458110e-01
8.194536176400080141e-01
8.204922384407539182e-01
8.112885679195781519e-01
8.174318321486370165e-01
8.215500319202866386e-01
8.203042741118042880e-01
8.224253620097674577e-01
8.214513420214000217e-01
8.191997147410580160e-01
8.235475816747489519e-01
8.226404927013987178e-01
8.231656038431113265e-01
8.171064322477379349e-01
8.231452537294187133e-01
8.220996475223276700e-01
8.143169298181691662e-01
8.164244216505125440e-01
8.240844816584723675e-01
8.247298705472785318e-01
8.240546863170307157e-01
8.237921750940810917e-01
8.261491562291077839e-01
8.203360802549167774e-01
8.256744301898225613e-01
8.285636765095484302e-01
8.272210134040870466e-01
8.222100862101416885e-01
8.207625747850036957e-01
8.297083020886967253e-01
8.299050729396515447e-01
8.305575095744217595e-01
8.290311902415560263e-01
8.308924604317192708e-01
8.260495990669045607e-01
8.295980851975591763e-01
8.244131289517729888e-01
8.339530544788830158e-01
8.248914959544079162e-01
8.304810142726933853e-01
8.284088164880976102e-01
8.323063648000543768e-01
8.340162260685045625e-01
8.341479534937199514e-01
8.314712108321440365e-01
8.287910147343087175e-01
8.317195878731591385e-01
8.352097246020908639e-01
8.330652169905732318e-01
8.368096623417116131e-01
8.364488161598101490e-01
8.352357150495529625e-01
8.313063209585770386e-01
8.346790638794063799e-01
8.262496036198567761e-01
8.338181942418878556e-01
8.330078737709284420e-01
8.308918387685699791e-01
8.344876546713551058e-01
8.364535343286829683e-01
8.284016197594963327e-01
8.395842278127716440e-01
8.384311321634644321e-01
8.361827809211495044e-01
8.344583703780064088e-01
8.400459073751412875e-01
8.417655377947456108e-01
8.333570614612634264e-01
8.425445716782045125e-01
8.364443537905671411e-01
8.385621314524429604e-01
8.384296948010183659e-01
8.416634678264114378e-01
8.344943388849160870e-01
8.391039923898523378e-01
8.234868911381649781e-01
8.435498950686178832e-01
8.328654019402317310e-01
8.462168833531580336e-01
8.334181518755839901e-01
8.427832929257585981e-01
8.419276641273004680e-01
8.429185165801855728e-01
8.399457226343463034e-01
8.419141641643966834e-01
8.404015609943525922e-01
8.263279611974851946e-01
8.408788147305492622e-01
8.453632005230115043e-01
8.469726052726691545e-01
8.339860154609604059e-01
8.357300234880092882e-01
8.401480947998321014e-01
8.447088955476065308e-01
8.484857241799437233e-01
8.422751511899334576e-01
8.463315951123889791e-01
8.480698663486299083e-01
8.455861690759720606e-01
8.480101615090708256e-01
8.428130393278083776e-01
8.475150747718411814e-01
8.525946216844810799e-01
8.479590891821313647e-01
8.486491105491967835e-01
8.239611240955011517e-01
8.456751768388386381e-01
8.522663011837825486e-01
8.037703755437234365e-01
8.373096462944203955e-01
8.434491999381021898e-01
8.505043948553835387e-01
8.293970791541180887e-01
8.459167195683876539e-01
8.369662232945109803e-01
8.501849104817762459e-01
8.470417234539251439e-01
8.541575434093232611e-01
8.528238982395940360e-01
8.401209966410388974e-01
8.223510221409409127e-01
8.434155379948382603e-01
8.429956865221791551e-01
8.453887120670909860e-01
8.562451046899306473e-01
8.569185173885560669e-01
8.511733172000047754e-01
8.508660511814559735e-01
8.510854541848271726e-01
8.449187582137205332e-01
8.554484252993849180e-01
8.518667656975179581e-01
8.294104700496697236e-01
8.482822726892469412e-01
8.584563269171568978e-01
8.366816990945136201e-01
8.444017952319267106e-01
8.443204901562718634e-01
8.519647399843111035e-01
8.489185508890878529e-01
8.606831517149879929e-01
8.591087537929688045e-01
8.224054811552404809e-01
8.366205112092697238e-01
8.517282278639186632e-01
8.424891814891017905e-01
8.477764281361693799e-01
8.623970393662335754e-01
8.269519955225003160e-01
8.607431328161867512e-01
8.503490229043738635e-01
8.372768480944299263e-01
8.547620630019926447e-01
8.549440197789817120e-01
8.426825435921582175e-01
8.559154209720176709e-01
8.212297908877049801e-01
8.521936495011536161e-01
8.516259002762525121e-01
8.558926050011431697e-01
8.592666187023824120e-01
8.439774146084048079e-01
8.580194402708984924e-01
8.649835037605467791e-01
8.584440051413552153e-01
8.359687551192162003e-01
8.475441781212503800e-01
8.414896100668527446e-01
8.369257721544943740e-01
8.581436022629942428e-01
8.584035546115926785e-01
8.494172817179566071e-01
8.197536724601940383e-01
8.622719367961794168e-01
8.532547024113702472e-01
8.382983207993810471e-01
8.362087959349430166e-01
8.389531117872470745e-01
8.600669805700319470e-01
8.582879104453615682e-01
8.399832667674197451e-01
8.356550299015265137e-01
8.479154815847683713e-01
8.561424137056775630e-01
8.630069496935247608e-01
8.634239057879222745e-01
8.704951205231307165e-01
8.711998767360662477e-01
8.711538638283867764e-01
8.707260350043067865e-01
8.713307995726149446e-01
8.717716421219817713e-01
8.708936138894614043e-01
8.708882537942499447e-01
8.714400491072427091e-01
8.721473137281186006e-01
8.718164819150034939e-01
8.711495383591422170e-01
8.716616849806363421e-01
8.717951106935120098e-01
8.714634579924468438e-01
8.708386242853393133e-01
8.720602788915696735e-01
8.718249584414785591e-01
8.715784737066799570e-01
8.713995551337682111e-01
8.719278912505664669e-01
8.723031496718447464e-01
8.716440501957601894e-01
8.715198028038086964e-01
8.714328304642334766e-01
8.716575443255890621e-01
8.710712653919464588e-01
8.721644164672692767e-01
8.716060790566667604e-01
8.713225294726303360e-01
8.722317005049859961e-01
8.721850672624016365e-01
8.716579386755510805e-01
8.720225874848852587e-01
8.721446681077414942e-01
8.719012707634048454e-01
8.716326045003798262e-01
8.724114377061199521e-01
8.718933859864216318e-01
8.721955789738261577e-01
8.721741219809358014e-01
8.725972804243720127e-01
8.728013530129761222e-01
8.721678489871185214e-01
8.724723779492744580e-01
8.725125371183627410e-01
8.722622412437721628e-01
8.719897573903129251e-01
8.727680482070371282e-01
8.716977602084536869e-01
8.725698310834673066e-01
8.725806708682496415e-01
8.731597404284113795e-01
8.732780145450840248e-01
8.731556397191901908e-01
8.716421510307160725e-01
8.721598244435321279e-01
8.727388221384391187e-01
8.723906042244987669e-01
8.726911705457892632e-01
8.722315588553323229e-01
8.724201644213179785e-01
8.723618376630472016e-01
8.729465997843148806e-01
8.726349250938881807e-01
8.724002114280920983e-01
8.729293474764464600e-01
8.731084778574603744e-01
8.728291257317528640e-01
8.731200190036223496e-01
8.731130157984653417e-01
8.737966632035158998e-01
8.723650825159272593e-01
8.730765710389581935e-01
8.725147345576070856e-01
8.724493911600785800e-01
8.728651304401388034e-01
8.725834249867253645e-01
8.730904370635507172e-01
8.733233444350342323e-01
8.737727695970420871e-01
8.727504600421945868e-01
8.736796461226270516e-01
8.731473492338999165e-01
8.729525439596935721e-01
8.729381531082434087e-01
8.722551217158333037e-01
8.739236326045789482e-01
8.734858880375688805e-01
8.726559937659600363e-01
8.734080627855003165e-01
8.735844983452608625e-01
8.738410160448375485e-01
8.733173497510274830e-01
8.728748976283546845e-01
8.738056262889498660e-01
8.734533204351653257e-01
8.739545921052331856e-01
8.733851877635896432e-01
8.736163740708686731e-01
8.731335361288669050e-01
8.736553141212838325e-01
8.734150427378095660e-01
8.737822803689589968e-01
8.737116229869662520e-01
8.741313772114158720e-01
8.743551668605693550e-01
8.738518262913511636e-01
8.727763735935964995e-01
8.736405978402506101e-01
8.741772005627642672e-01
8.739217299248684956e-01
8.736583228333459905e-01
8.739124240377923458e-01
8.731994280639548967e-01
8.733849215385194320e-01
8.737660499462478469e-01
8.740021965457697162e-01
8.734456402235595274e-01
8.733887936056755619e-01
8.738236300313946270e-01
8.742329506178286858e-01
8.739933735542668725e-01
8.746044204975439440e-01
8.745782885789052941e-01
8.742100744519454292e-01
8.736359829331318272e-01
8.746397230795450728e-01
8.737296425483722651e-01
8.741408542967180617e-01
8.742612823797875077e-01
8.744312508639282555e-01
8.745278032309665717e-01
8.736998701378929644e-01
8.742979597922713175e-01
8.743987242220337963e-01
8.740071459905799367e-01
8.745782564894939437e-01
8.749353239844737118e-01
8.737966539065054050e-01
8.745505314321621038e-01
8.743407208436779765e-01
8.749450722279442649e-01
8.741142374259314174e-01
8.746449981215244085e-01
8.744467596805621801e-01
8.750418046308623410e-01
8.751860735256601354e-01
8.750785354543546557e-01
8.743328882970282656e-01
8.736805230032017588e-01
8.747385035568373546e-01
8.755563573578202252e-01
8.749676014056472217e-01
8.749920013465356528e-01
8.739002772541138997e-01
8.750508710018064518e-01
8.747092396961950733e-01
8.751567730321487826e-01
8.753613277473469845e-01
8.747212581645525953e-01
8.745173324606329013e-01
8.749058617727645260e-01
8.753963687640433644e-01
8.751960143321891872e-01
8.756038513086731312e-01
8.752905098094979630e-01
8.756421980321328347e-01
8.752389364271682126e-01
8.747639038539078982e-01
8.752643041468521901e-01
8.752407547597823578e-01
8.751309028529867806e-01
8.751704067766050699e-01
8.747110363137154954e-01
8.747697939950566104e-01
8.747799899357676656e-01
8.749174210471054591e-01
8.752223319867524776e-01
8.745146430895476275e-01
8.750120492904486236e-01
8.747802533440166561e-01
8.755267431779681919e-01
8.751974464021962108e-01
8.758008163444277461e-01
8.750975560226748051e-01
8.753411961133661379e-01
8.754702406644364610e-01
8.752571547050103096e-01
8.754659582411418173e-01
8.765046134561512714e-01
8.758697623863230808e-01
8.749088734528924771e-01
8.754093187406761789e-01
8.757003676863287511e-01
8.752690302635862674e-01
8.751063696616051546e-01
8.756608719869281021e-01
8.748212930406488175e-01
8.761667221073339284e-01
8.756352781532195095e-01
8.761827406494328008e-01
8.756004549821706506e-01
8.763183641473992758e-01
8.757903831282010110e-01
8.758052633551989263e-01
8.765801249997225986e-01
8.753164871643258627e-01
8.764759233380944314e-01
8.760408634624948787e-01
8.759687276785126375e-01
8.762664938902903211e-01
8.762434609598958035e-01
8.758295885016001980e-01
8.753315041514254657e-01
8.763462106547599273e-01
8.751721439364791300e-01
8.767259307960132420e-01
8.757630842358654633e-01
8.756708004905440212e-01
8.765131069914025019e-01
8.752014024651947333e-01
8.755672969333312405e-01
8.756478177817302866e-01
8.763068168231769040e-01
8.756680346434765339e-01
8.760785892625398974e-01
8.753024317401544296e-01
8.757158296105783668e-01
8.762675710317592292e-01
8.763082438264377938e-01
8.752835291168464815e-01
8.765581942339527588e-01
8.757158860567978431e-01
8.762213830725028574e-01
8.758321113770861643e-01
8.762484669638183066e-01
8.763894367160132148e-01
8.761561922973388761e-01
8.757653846511768148e-01
8.756651423226670117e-01
8.772001596243765853e-01
8.760070476006454054e-01
8.767167387018908187e-01
8.766828719624483179e-01
8.764489973974801673e-01
8.768958184323839555e-01
8.769820509520712681e-01
8.766274591315816878e-01
8.764969186638256193e-01
8.768425669893308294e-01
8.752419511572365751e-01
8.765638072033414829e-01
8.766565363311112913e-01
8.758636793861123149e-01
8.764026002386153813e-01
8.762658091617765432e-01
8.766316781497419663e-01
8.766534664663222509e-01
8.766887992777588900e-01
8.762330608616076821e-01
8.770296638014312141e-01
8.759932611669107860e-01
8.770330742017852232e-01
8.768743791156851097e-01
8.768938980375410308e-01
8.768360633903429235e-01
8.767680693280259785e-01
8.767743114179407105e-01
8.768357984934262994e-01
8.770106969710522726e-01
8.768346695317686956e-01
8.769433946367439781e-01
8.761383118153657223e-01
8.769697122270320166e-01
8.774048160260363716e-01
8.769634763060236704e-01
8.769434548748830105e-01
8.767221861314524745e-01
8.767348133764741869e-01
8.773183842215006578e-01
8.774730369022449850e-01
8.766785916133537082e-01
8.761887230265139603e-01
8.769933090941935960e-01
8.769761079192850417e-01
8.771172643367779465e-01
8.766132617903514834e-01
8.770962206254829807e-01
8.771470154080320825e-01
8.767690788781946631e-01
8.773912202742695232e-01
8.773916036408406782e-01
8.768487417429179365e-01
8.774194738779959035e-01
8.760484142083229120e-01
8.775377432963588076e-01
8.772138241566123096e-01
8.777319418411684282e-01
8.776075818113012739e-01
8.773455456849273970e-01
8.778330367885250896e-01
8.768080364457342402e-01
8.776665390709421644e-01
8.775094388263943168e-01
8.769092681929947508e-01
8.774914957033503882e-01
8.772786578842707295e-01
8.774086501617210931e-01
8.769228927750580826e-01
8.777733155341306270e-01
8.773712274166095559e-01
8.770577939687961289e-01
8.773547481995948027e-01
8.775756229443457679e-01
8.777836989672318513e-01
8.779458479789604697e-01
8.778262879925694540e-01
8.775532734356049636e-01
8.775533058950604204e-01
8.778357371999280234e-01
8.778352879716032620e-01
8.780782143247259919e-01
8.778506176569695896e-01
8.779407067733629999e-01
8.771692239616595277e-01
8.773581502856377945e-01
8.774735994993285715e-01
8.780298599503981727e-01
8.775927286961702212e-01
8.781256398421581899e-01
8.772302056836032147e-01
8.776141694199548482e-01
8.785118435207207588e-01
8.783922414412057567e-01
8.782331698501689710e-01
8.780331586909486674e-01
8.775996058359825103e-01
8.778664434354911394e-01
8.779445758726874827e-01
8.776717136639193839e-01
8.786122429947305079e-01
8.781407145542636794e-01
8.791926028798388026e-01
8.782369686422746291e-01
8.782706932961454882e-01
8.784972261136967386e-01
8.780995611282952362e-01
8.785620855458229350e-01
8.781055732939754277e-01
8.777396633308178764e-01
8.786200127666633497e-01
8.782733856117591609e-01
8.785969092976002592e-01
8.786120890446318388e-01
8.785056878031767269e-01
8.787815967509783333e-01
8.775447380372346506e-01
8.788715614910359575e-01
8.786041896342388080e-01
8.782687066658296793e-01
8.789636529313343827e-01
8.787241063767969873e-01
8.782297746298244334e-01
8.787863641817205140e-01
8.780983365406895835e-01
8.785105764021661212e-01
8.782113174544718959e-01
8.780621934087348146e-01
8.781930918209628345e-01
8.788657107331279139e-01
8.790158585403472502e-01
8.786036950672337920e-01
8.786834253845510201e-01
8.794028070935097086e-01
8.785968878766622359e-01
8.786382592645113343e-01
8.782647231931779430e-01
8.784207562137412717e-01
8.786966890954280851e-01
8.785966966459243244e-01
8.789848088576095453e-01
8.787711363580521517e-01
8.787243643908745350e-01
8.786629537640167076e-01
8.786652059615391863e-01
8.793093051884467437e-01
8.792790491298341227e-01
8.778754133175590280e-01
8.790094448845336972e-01
8.789862865963763428e-01
8.790559579820214076e-01
8.787901473598586088e-01
8.788756339469048218e-01
8.791424437647886725e-01
8.791932471228948165e-01
8.779430841509917594e-01
8.786197577171618311e-01
8.794222794112857011e-01
8.786508562499081298e-01
8.790593857232410491e-01
8.787474725690440636e-01
8.787494291822798287e-01
8.788187291245836974e-01
8.786359460423539547e-01
8.786010581584577928e-01
8.788559286694723749e-01
8.791609302717677821e-01
8.784499337988020962e-01
8.794973536543360115e-01
8.785895756063197837e-01
8.794669160805123065e-01
8.786647334447869051e-01
8.793070547351082844e-01
8.789547740027211509e-01
8.789619065074067983e-01
8.794875225883750369e-01
8.792298594798497735e-01
8.784793430439464812e-01
8.788831698306095452e-01
8.793285181663375027e-01
8.797442350631128338e-01
8.795911734984040997e-01
8.800735650937850929e-01
8.797049133016050515e-01
8.798558748732249191e-01
8.794828196803509135e-01
8.783780551703329609e-01
8.796186808094339504e-01
8.794636457821256581e-01
8.797708167713332861e-01
8.796003633627110796e-01
8.800151568646624733e-01
8.800772632784156224e-01
8.794086237272964457e-01
8.800883358530359191e-01
8.801046866731976337e-01
8.790764852541872454e-01
8.795205320480106170e-01
8.798127350826023818e-01
8.799756834941114825e-01
8.793678322830413840e-01
8.796847294118284033e-01
8.793918883240861017e-01
8.797608265258844984e-01
8.795886186613240953e-01
8.789946175393730243e-01
8.793838886823838186e-01
8.792827532215709008e-01
8.798134279631432131e-01
8.796509239459652241e-01
8.797141379661909122e-01
8.796278124282391753e-01
8.800624964113508142e-01
8.795611626629864510e-01
8.796266784620913048e-01
8.801509544027428245e-01
8.804800757103917741e-01
8.798292308109670889e-01
8.798181994929740180e-01
8.805926447057705886e-01
8.800511648925541941e-01
8.803656829930507355e-01
8.798915188681971644e-01
8.800160157789820303e-01
8.796210114092295473e-01
8.803840860276613833e-01
8.783291594191864338e-01
8.797423770057412051e-01
8.804875827173811453e-01
8.801898589308154719e-01
8.804987250420993616e-01
8.802289010213959486e-01
8.801416489104657570e-01
8.800688984946252180e-01
8.804196618905854033e-01
8.794450274052121319e-01
8.791628586991854233e-01
8.805342400435757222e-01
8.803642757063669944e-01
8.810413496376999776e-01
8.801814826915511647e-01
8.799945535154732879e-01
8.805124718792781691e-01
8.806264472344907945e-01
8.804358342073447252e-01
8.805181316736409025e-01
8.798162820912868165e-01
8.807383806552139260e-01
8.803111395945449891e-01
8.810256968168824754e-01
8.800486267915615946e-01
8.799780510888720597e-01
8.799908740922666173e-01
8.806087527848356356e-01
8.795612952154709951e-01
8.807460198134016149e-01
8.810758588551405035e-01
8.810374646418809297e-01
8.798562193947681020e-01
8.812961021189765765e-01
8.811061394023617099e-01
8.806720692049250232e-01
8.804052359976041187e-01
8.805844065410024513e-01
8.808932580592785389e-01
8.807487490474587011e-01
8.809082803912424708e-01
8.808518216455216709e-01
8.805936146995843039e-01
8.809438642967486466e-01
8.805832643781925650e-01
8.805670487973350502e-01
8.811420275223049714e-01
8.806625871270299388e-01
8.809400557683719768e-01
8.807538092480913239e-01
8.805346475865905020e-01
8.813252564806970391e-01
8.813592013480205933e-01
8.803873671123166877e-01
8.807359883203539352e-01
8.806556316443173715e-01
8.801612976954175105e-01
8.807892306052687026e-01
8.803326660728632014e-01
8.804581616269652189e-01
8.810306770919763553e-01
8.806002025646844089e-01
8.811251377862152623e-01
8.811883889007355863e-01
8.807023975568507579e-01
8.806049378351609169e-01
8.805999190947407795e-01
8.816080310045794066e-01
8.807424195109442300e-01
8.807986959633999913e-01
8.806090504020309684e-01
8.807006361712524933e-01
8.812074071714489643e-01
8.812795746157539023e-01
8.808182675040157061e-01
8.806949822793425087e-01
8.812601307761678271e-01
8.809374540611643045e-01
8.811190596625209093e-01
8.805793831051123011e-01
8.812515537832511514e-01
8.810925167004957093e-01
8.808640690947331375e-01
8.816546771600166643e-01
8.803958764527864966e-01
8.816039601042173768e-01
8.813190212717388894e-01
8.812958894065937576e-01
8.805970767224092777e-01
8.817944551019716304e-01
8.810517260072531220e-01
8.807729025359057884e-01
8.809374724716394489e-01
8.814473260355885076e-01
8.816256107987308077e-01
8.807195711145769934e-01
8.812401349660501371e-01
8.817035331791757136e-01
8.811633516781550712e-01
8.823721093301296614e-01
8.817865417636672198e-01
8.809061307667783725e-01
8.806106999735430207e-01
8.810091822419652274e-01
8.817678376863572476e-01
8.819460910035905599e-01
8.817078676061410603e-01
8.811560462804243210e-01
8.817513946473547470e-01
8.810404737549970555e-01
8.820846218005428119e-01
8.817351834801934185e-01
8.815059766550228382e-01
8.820622274932736762e-01
8.814647109115685275e-01
8.817199969120363967e-01
8.815701514076156320e-01
8.812218491193176684e-01
8.815591070800884443e-01
8.813143455224400347e-01
8.819418180200874202e-01
8.809385521170872702e-01
8.814351330275391749e-01
8.810643752810269902e-01
8.819671988356525549e-01
8.821726053369977061e-01
8.819900488421560381e-01
8.821580336295727909e-01
8.824148050665571175e-01
8.817343401403451297e-01
8.824414177526253011e-01
8.810760080474455691e-01
8.825240638151975459e-01
8.818722005058079461e-01
8.819440416018969886e-01
8.813768966973758445e-01
8.811704212386225477e-01
8.816905896930666842e-01
8.818969708423429754e-01
8.814037441738397094e-01
8.825044957566895443e-01
8.815827341985235099e-01
8.812156971639085734e-01
8.821645900023484810e-01
8.817313719393844451e-01
8.819600168232932802e-01
8.822461450045586684e-01
8.819855215260175019e-01
8.820943488630136331e-01
8.820162633086044979e-01
8.822580699845413710e-01
8.825937958640970304e-01
8.824168643215394292e-01
8.818548227085799551e-01
8.821522415296787489e-01
8.810792216258178655e-01
8.824434271671134367e-01
8.821248503081010606e-01
8.823132234270081309e-01
8.825338882931751394e-01
8.818396562610675282e-01
8.826176084534979038e-01
8.818129633694288261e-01
8.819459694800633187e-01
8.816741232555298513e-01
8.821774407918947514e-01
8.824718305261127771e-01
8.827239823723290746e-01
8.821776010445329108e-01
8.825620258299610166e-01
8.821837140471369132e-01
8.818333809777478827e-01
8.822036077949023669e-01
8.816262903991001210e-01
8.823471986176620874e-01
8.822525361228763519e-01
8.825320592543858256e-01
8.823276904917753960e-01
8.822700752142380587e-01
8.826197082584610332e-01
8.825272533753223403e-01
8.826689013920442362e-01
8.829507575701212030e-01
8.823922012962374106e-01
8.822975837100186514e-01
8.825120877844779832e-01
8.829645415448111878e-01
8.827587915012337083e-01
8.812459403029565541e-01
8.821912057021330522e-01
8.823026327571131811e-01
8.826012246296851549e-01
8.823035927846861748e-01
8.828052754882406150e-01
8.829045497238218188e-01
8.829792714058378733e-01
8.831769920840781829e-01
8.811250366974320292e-01
8.830498672686307726e-01
8.830341439249124180e-01
8.824242898706631255e-01
8.826342464669957311e-01
8.822095455167582312e-01
8.823362926515573301e-01
8.826768704618290773e-01
8.829303901090485018e-01
8.831516664693841445e-01
8.830527309717389750e-01
8.825938049025535692e-01
8.826787601163339492e-01
8.833916974904340025e-01
